# instance assign_to_us-west1.pn
# Settings: Namespace(PN='../../../instances/hadoop/hadoop_extensions/us-west1.pn', VDC='../../../instances/hadoop/hadoop_extensions/hadoop_4_2bw.vn', affinity=True, affinity_soft=True, allow_virtual_switches_in_switches=False, anti_affinity=False, assert_all_physical_edges=True, binary_search=True, bitblast_addition=False, bitblast_addition_shadow=False, bvwidth=1, configured=False, conflict_limit=0, debug=False, decide_opt_lits=True, directed_links=False, flush_pb_theory=False, force_virtual_switches=False, ignore_ram_constraints=False, ignore_storage_constraints=False, ijcai_settings=False, intrinsic_edge_constraints=False, intrinsic_edge_sets=True, large_res_opt=True, logfile=None, max_cores=8, max_ram=16, max_resource=None, max_storage=1, max_vms=4, min_cores=False, min_servers=False, monosat_defaults=False, opt_conflict_limit=0, opt_detect_sat=False, opt_time_limit=-1, output=None, popcount='BV', prop_assumps=False, refine_flow=True, remove_all_flow_cycles=False, remove_flow_cycles=False, remove_flow_cycles_python=False, repeat=True, rnd_restart=True, rnd_theory_freq=0.99, rnd_theory_order=False, separate_reach_constraints=False, static_flow_caps=True, theory_order_vsids=True, timelog='./timelogs/softaffinity/config_results_hadoop_us-west1_4vm_2bw', tree_addition=True, use_cover_for_refinement=True, use_min_cost_max_flow=False, vsids_balance=1, vsids_both=True)
init 7.920240 7.920240
1 5.298225 13.218465
2 2.265052 15.483517
3 2.773743 18.257260
4 3.267431 21.524691
5 3.670032 25.194723
6 4.144170 29.338893
7 4.612562 33.951455
8 5.106374 39.057829
9 5.573218 44.631047
10 6.038163 50.669210
11 6.495129 57.164339
12 6.952108 64.116447
13 7.482178 71.598625
14 7.899083 79.497708
15 8.375247 87.872955
16 8.841960 96.714915
17 9.317974 106.032889
18 9.782213 115.815102
19 10.347720 126.162822
20 10.727875 136.890697
21 11.197454 148.088151
22 11.668817 159.756968
23 12.141305 171.898273
24 12.681517 184.579790
25 13.082031 197.661821
26 13.557151 211.218972
27 14.022286 225.241258
28 14.680862 239.922120
29 14.969541 254.891661
30 15.447632 270.339293
31 15.904765 286.244058
32 16.396078 302.640136
33 16.849397 319.489533
34 17.333251 336.822784
35 17.797172 354.619956
36 18.279385 372.899341
37 18.739118 391.638459
38 19.225244 410.863703
39 19.680898 430.544601
40 20.519320 451.063921
41 20.620620 471.684541
42 21.176428 492.860969
43 21.559517 514.420486
44 22.043131 536.463617
45 22.503362 558.966979
46 22.993220 581.960199
47 23.453457 605.413656
48 23.942008 629.355664
49 24.385180 653.740844
50 24.894138 678.634982
51 25.340995 703.975977
52 25.839608 729.815585
53 26.275254 756.090839
54 26.770137 782.860976
55 27.224172 810.085148
56 27.725190 837.810338
57 28.871813 866.682151
58 28.671967 895.354118
59 29.178628 924.532746
60 29.621148 954.153894
61 30.057581 984.211475
62 30.571129 1014.782604
63 31.004364 1045.786968
64 31.514395 1077.301363
65 31.948112 1109.249475
66 32.458423 1141.707898
67 32.892979 1174.600877
68 33.411925 1208.012802
69 33.833428 1241.846230
70 34.352697 1276.198927
71 34.787388 1310.986315
72 35.311875 1346.298190
73 35.758023 1382.056213
74 36.259563 1418.315776
75 36.691732 1455.007508
76 37.213057 1492.220565
77 37.640523 1529.861088
78 38.169950 1568.031038
79 38.571771 1606.602809
80 39.114390 1645.717199
81 39.591930 1685.309129
82 41.449471 1726.758600
83 40.481525 1767.240125
84 41.017441 1808.257566
85 41.423323 1849.680889
86 41.957632 1891.638521
87 42.372792 1934.011313
88 42.924031 1976.935344
89 43.334457 2020.269801
90 43.868836 2064.138637
91 44.278268 2108.416905
92 44.800530 2153.217435
93 45.222066 2198.439501
94 45.760165 2244.199666
95 46.172520 2290.372186
96 46.715377 2337.087563
97 47.118404 2384.205967
98 47.661290 2431.867257
99 48.072707 2479.939964
100 48.609981 2528.549945
101 48.999126 2577.549071
102 49.631969 2627.181040
103 49.966898 2677.147938
104 50.517754 2727.665692
105 50.912792 2778.578484
106 51.467564 2830.046048
107 51.870559 2881.916607
108 52.427991 2934.344598
109 52.810575 2987.155173
110 53.357173 3040.512346
111 53.737521 3094.249867
112 54.318373 3148.568240
113 54.705690 3203.273930
114 55.259137 3258.533067
115 55.646892 3314.179959
116 58.989354 3373.169313
117 56.500734 3429.670047
118 57.057957 3486.728004
119 57.464873 3544.192877
