# instance assign_to_us-west1.pn
# Settings: Namespace(PN='../../../instances/hadoop/hadoop_extensions/us-west1.pn', VDC='../../../instances/hadoop/hadoop_extensions/hadoop_4_1bw.vn', affinity=True, affinity_soft=True, allow_virtual_switches_in_switches=False, anti_affinity=False, assert_all_physical_edges=True, binary_search=True, bitblast_addition=False, bitblast_addition_shadow=False, bvwidth=1, configured=False, conflict_limit=0, debug=False, decide_opt_lits=True, directed_links=False, flush_pb_theory=False, force_virtual_switches=False, ignore_ram_constraints=False, ignore_storage_constraints=False, ijcai_settings=False, intrinsic_edge_constraints=False, intrinsic_edge_sets=True, large_res_opt=True, logfile=None, max_cores=8, max_ram=16, max_resource=None, max_storage=1, max_vms=4, min_cores=False, min_servers=False, monosat_defaults=False, opt_conflict_limit=0, opt_detect_sat=False, opt_time_limit=-1, output=None, popcount='BV', prop_assumps=False, refine_flow=True, remove_all_flow_cycles=False, remove_flow_cycles=False, remove_flow_cycles_python=False, repeat=True, rnd_restart=True, rnd_theory_freq=0.99, rnd_theory_order=False, separate_reach_constraints=False, static_flow_caps=True, theory_order_vsids=True, timelog='./timelogs/softaffinity/config_results_hadoop_us-west1_4vm_1bw', tree_addition=True, use_cover_for_refinement=True, use_min_cost_max_flow=False, vsids_balance=1, vsids_both=True)
init 7.787038 7.787038
1 5.290105 13.077143
2 2.243787 15.320930
3 2.714944 18.035874
4 3.244597 21.280471
5 3.643263 24.923734
6 4.117848 29.041582
7 4.583302 33.624884
8 5.072722 38.697606
9 5.539416 44.237022
10 5.998540 50.235562
11 6.454139 56.689701
12 6.906793 63.596494
13 7.433643 71.030137
14 7.847954 78.878091
15 8.324125 87.202216
16 8.787745 95.989961
17 9.260122 105.250083
18 9.723833 114.973916
19 10.282370 125.256286
20 10.658904 135.915190
21 11.129797 147.044987
22 11.594235 158.639222
23 12.068268 170.707490
24 12.603979 183.311469
25 12.999810 196.311279
26 13.473558 209.784837
27 13.933798 223.718635
28 14.589734 238.308369
29 14.878542 253.186911
30 15.349758 268.536669
31 15.811093 284.347762
32 16.290873 300.638635
33 16.751812 317.390447
34 17.228619 334.619066
35 17.689571 352.308637
36 18.171194 370.479831
37 18.623250 389.103081
38 19.105027 408.208108
39 19.559207 427.767315
40 20.393154 448.160469
41 20.487822 468.648291
42 21.044142 489.692433
43 21.423047 511.115480
44 21.905607 533.021087
45 22.362843 555.383930
46 22.854017 578.237947
47 23.309086 601.547033
48 23.795024 625.342057
49 24.239261 649.581318
50 24.738222 674.319540
51 25.185235 699.504775
52 25.680280 725.185055
53 26.115369 751.300424
54 26.607479 777.907903
55 27.060955 804.968858
56 27.555875 832.524733
57 28.699062 861.223795
58 28.498078 889.721873
59 29.008318 918.730191
60 29.439663 948.169854
61 29.870530 978.040384
62 30.384560 1008.424944
63 30.816554 1039.241498
64 31.322474 1070.563972
65 31.751494 1102.315466
66 32.266698 1134.582164
67 32.693500 1167.275664
68 33.212278 1200.487942
69 33.621473 1234.109415
70 34.147992 1268.257407
71 34.575812 1302.833219
72 35.095398 1337.928617
73 35.533052 1373.461669
74 36.024315 1409.485984
75 36.457775 1445.943759
76 36.976464 1482.920223
77 37.399251 1520.319474
78 37.920118 1558.239592
79 38.318806 1596.558398
80 38.864484 1635.422882
81 39.331693 1674.754575
82 41.184872 1715.939447
83 40.230146 1756.169593
84 40.753672 1796.923265
85 41.157091 1838.080356
86 41.690991 1879.771347
87 42.106135 1921.877482
88 42.648413 1964.525895
89 43.051925 2007.577820
90 43.586002 2051.163822
91 43.988193 2095.152015
92 44.510615 2139.662630
93 44.933883 2184.596513
94 45.470218 2230.066731
95 45.873468 2275.940199
96 46.414407 2322.354606
97 46.819742 2369.174348
98 47.356182 2416.530530
99 47.769682 2464.300212
100 48.300978 2512.601190
101 48.687207 2561.288397
102 49.318796 2610.607193
103 49.658402 2660.265595
104 50.203377 2710.468972
105 50.589047 2761.058019
106 51.140829 2812.198848
107 51.544013 2863.742861
108 52.094182 2915.837043
109 52.499999 2968.337042
110 53.036860 3021.373902
111 53.411176 3074.785078
112 53.994658 3128.779736
113 54.384551 3183.164287
114 54.928555 3238.092842
115 55.327145 3293.419987
116 58.655279 3352.075266
117 56.170895 3408.246161
118 56.727214 3464.973375
119 57.120129 3522.093504
120 57.754180 3579.847684
