# instance assign_to_us-mid1.pn
# Settings: Namespace(PN='../../../instances/hadoop/hadoop_extensions/us-mid1.pn', VDC='../../../instances/hadoop/hadoop_extensions/hadoop_4_2bw.vn', affinity=True, affinity_soft=True, allow_virtual_switches_in_switches=False, anti_affinity=False, assert_all_physical_edges=True, binary_search=True, bitblast_addition=False, bitblast_addition_shadow=False, bvwidth=1, configured=False, conflict_limit=0, debug=False, decide_opt_lits=True, directed_links=False, flush_pb_theory=False, force_virtual_switches=False, ignore_ram_constraints=False, ignore_storage_constraints=False, ijcai_settings=False, intrinsic_edge_constraints=False, intrinsic_edge_sets=True, large_res_opt=True, logfile=None, max_cores=8, max_ram=16, max_resource=None, max_storage=1, max_vms=4, min_cores=False, min_servers=False, monosat_defaults=False, opt_conflict_limit=0, opt_detect_sat=False, opt_time_limit=-1, output=None, popcount='BV', prop_assumps=False, refine_flow=True, remove_all_flow_cycles=False, remove_flow_cycles=False, remove_flow_cycles_python=False, repeat=True, rnd_restart=True, rnd_theory_freq=0.99, rnd_theory_order=False, separate_reach_constraints=False, static_flow_caps=True, theory_order_vsids=True, timelog='./timelogs/softaffinity/config_results_hadoop_us-mid1_4vm_2bw', tree_addition=True, use_cover_for_refinement=True, use_min_cost_max_flow=False, vsids_balance=1, vsids_both=True)
init 2.463035 2.463035
1 1.575705 4.038740
2 0.686527 4.725267
3 0.841660 5.566927
4 0.968927 6.535854
5 1.113380 7.649234
6 1.252857 8.902091
7 1.399583 10.301674
8 1.552824 11.854498
9 1.676697 13.531195
10 1.828750 15.359945
11 1.986073 17.346018
12 2.106752 19.452770
13 2.253220 21.705990
14 2.392625 24.098615
15 2.536824 26.635439
16 2.676731 29.312170
17 2.842703 32.154873
18 2.963176 35.118049
19 3.105942 38.223991
20 3.248608 41.472599
21 3.391848 44.864447
22 3.534738 48.399185
23 3.673754 52.072939
24 3.860860 55.933799
25 3.961459 59.895258
26 4.100449 63.995707
27 4.248119 68.243826
28 4.390110 72.633936
29 4.529723 77.163659
30 4.675765 81.839424
31 4.819286 86.658710
32 4.963417 91.622127
33 5.103135 96.725262
34 5.253095 101.978357
35 5.482759 107.461116
36 5.536080 112.997196
37 5.674666 118.671862
38 5.821392 124.493254
39 5.957125 130.450379
40 6.111271 136.561650
41 6.249009 142.810659
42 6.393739 149.204398
43 6.562660 155.767058
44 6.680278 162.447336
45 6.817644 169.264980
46 6.968412 176.233392
47 7.105296 183.338688
48 7.251671 190.590359
49 7.391264 197.981623
50 7.716885 205.698508
51 7.677779 213.376287
52 7.828538 221.204825
53 7.963913 229.168738
54 8.109834 237.278572
55 8.250617 245.529189
56 8.408739 253.937928
57 8.541184 262.479112
58 8.696872 271.175984
59 8.832554 280.008538
60 8.983233 288.991771
61 9.123288 298.115059
62 9.265913 307.380972
63 9.405246 316.786218
64 9.559093 326.345311
65 9.693351 336.038662
66 9.843469 345.882131
67 9.978150 355.860281
68 10.131674 365.991955
69 10.267387 376.259342
70 10.424286 386.683628
71 10.547705 397.231333
72 11.061747 408.293080
73 10.841471 419.134551
74 10.994519 430.129070
75 11.128644 441.257714
76 11.286334 452.544048
77 11.415988 463.960036
78 11.568629 475.528665
79 11.699165 487.227830
80 11.861442 499.089272
81 11.990120 511.079392
82 12.147722 523.227114
83 12.273538 535.500652
84 12.440878 547.941530
85 12.580622 560.522152
86 12.740140 573.262292
87 12.864767 586.127059
88 13.028708 599.155767
89 13.158293 612.314060
90 13.316762 625.630822
91 13.445049 639.075871
92 13.604508 652.680379
93 13.734704 666.415083
94 13.894439 680.309522
95 14.022718 694.332240
96 14.180346 708.512586
97 14.313466 722.826052
98 14.475856 737.301908
99 14.599105 751.901013
100 14.765267 766.666280
101 14.922324 781.588604
102 15.049637 796.638241
103 15.886041 812.524282
104 15.334903 827.859185
105 15.462245 843.321430
106 15.631445 858.952875
107 15.762173 874.715048
108 15.924375 890.639423
109 16.050425 906.689848
110 16.212381 922.902229
111 16.334802 939.237031
112 16.507060 955.744091
113 16.622717 972.366808
114 16.789945 989.156753
115 16.916962 1006.073715
116 17.082390 1023.156105
117 17.205644 1040.361749
118 17.374599 1057.736348
119 17.496745 1075.233093
120 17.661915 1092.895008
121 17.783193 1110.678201
122 17.954070 1128.632271
123 18.068372 1146.700643
124 18.211964 1164.912607
125 18.333924 1183.246531
126 18.505255 1201.751786
127 18.626335 1220.378121
128 18.792173 1239.170294
129 18.912391 1258.082685
130 19.084544 1277.167229
131 19.205007 1296.372236
132 19.377095 1315.749331
133 19.491500 1335.240831
134 19.663951 1354.904782
135 19.783964 1374.688746
136 19.957739 1394.646485
137 20.073230 1414.719715
138 20.246391 1434.966106
139 20.363593 1455.329699
140 20.539008 1475.868707
141 20.654859 1496.523566
142 20.820647 1517.344213
143 20.940427 1538.284640
144 21.123443 1559.408083
145 21.234202 1580.642285
146 22.807502 1603.449787
147 21.530995 1624.980782
148 21.705454 1646.686236
149 21.808742 1668.494978
150 21.988408 1690.483386
151 22.102041 1712.585427
152 22.323176 1734.908603
153 22.402941 1757.311544
154 22.585998 1779.897542
155 22.697577 1802.595119
156 22.871036 1825.466155
157 22.991458 1848.457613
158 23.170013 1871.627626
159 23.279453 1894.907079
160 23.460244 1918.367323
161 23.563765 1941.931088
162 23.753525 1965.684613
163 23.872269 1989.556882
164 24.048505 2013.605387
165 24.151753 2037.757140
166 24.332449 2062.089589
167 24.449646 2086.539235
168 24.623019 2111.162254
169 24.738708 2135.900962
170 24.925450 2160.826412
171 25.038590 2185.865002
172 25.219578 2211.084580
173 25.326165 2236.410745
174 25.515528 2261.926273
175 25.617674 2287.543947
176 25.804279 2313.348226
177 25.926877 2339.275103
178 26.096103 2365.371206
179 26.207720 2391.578926
180 26.393738 2417.972664
181 26.504595 2444.477259
182 26.687228 2471.164487
183 26.810312 2497.974799
184 26.986296 2524.961095
185 27.093040 2552.054135
186 27.285895 2579.340030
187 27.398040 2606.738070
188 27.583309 2634.321379
189 27.695070 2662.016449
190 27.882207 2689.898656
191 27.986010 2717.884666
192 28.171554 2746.056220
193 28.268676 2774.324896
194 28.469937 2802.794833
195 28.574514 2831.369347
196 28.758293 2860.127640
197 29.196699 2889.324339
198 29.441429 2918.765768
199 29.543331 2948.309099
200 29.762266 2978.071365
201 29.835314 3007.906679
202 30.038400 3037.945079
203 30.139834 3068.084913
204 30.326974 3098.411887
205 30.432375 3128.844262
206 30.619623 3159.463885
207 33.273840 3192.737725
208 30.928691 3223.666416
209 31.014651 3254.681067
210 31.218166 3285.899233
211 31.332123 3317.231356
212 31.529515 3348.760871
213 31.619824 3380.380695
214 31.821382 3412.202077
215 31.927236 3444.129313
216 32.124393 3476.253706
217 32.213933 3508.467639
218 32.418831 3540.886470
219 32.524603 3573.411073
