# instance assign_to_us-mid2.pn
# Settings: Namespace(PN='../../../instances/hadoop/hadoop_extensions/us-mid2.pn', VDC='../../../instances/hadoop/hadoop_extensions/hadoop_4_2bw.vn', affinity=True, affinity_soft=True, allow_virtual_switches_in_switches=False, anti_affinity=False, assert_all_physical_edges=True, binary_search=True, bitblast_addition=False, bitblast_addition_shadow=False, bvwidth=1, configured=False, conflict_limit=0, debug=False, decide_opt_lits=True, directed_links=False, flush_pb_theory=False, force_virtual_switches=False, ignore_ram_constraints=False, ignore_storage_constraints=False, ijcai_settings=False, intrinsic_edge_constraints=False, intrinsic_edge_sets=True, large_res_opt=True, logfile=None, max_cores=8, max_ram=16, max_resource=None, max_storage=1, max_vms=4, min_cores=False, min_servers=False, monosat_defaults=False, opt_conflict_limit=0, opt_detect_sat=False, opt_time_limit=-1, output=None, popcount='BV', prop_assumps=False, refine_flow=True, remove_all_flow_cycles=False, remove_flow_cycles=False, remove_flow_cycles_python=False, repeat=True, rnd_restart=True, rnd_theory_freq=0.99, rnd_theory_order=False, separate_reach_constraints=False, static_flow_caps=True, theory_order_vsids=True, timelog='./timelogs/softaffinity/config_results_hadoop_us-mid2_4vm_2bw', tree_addition=True, use_cover_for_refinement=True, use_min_cost_max_flow=False, vsids_balance=1, vsids_both=True)
init 5.110966 5.110966
1 3.407574 8.518540
2 1.460818 9.979358
3 1.794384 11.773742
4 2.060705 13.834447
5 2.372450 16.206897
6 2.663461 18.870358
7 3.001096 21.871454
8 3.264383 25.135837
9 3.580825 28.716662
10 3.888136 32.604798
11 4.218630 36.823428
12 4.530570 41.353998
13 4.784385 46.138383
14 5.084866 51.223249
15 5.395430 56.618679
16 5.731682 62.350361
17 5.998849 68.349210
18 6.297757 74.646967
19 6.603340 81.250307
20 6.898041 88.148348
21 7.208474 95.356822
22 7.510887 102.867709
23 7.811838 110.679547
24 8.196093 118.875640
25 8.418458 127.294098
26 8.721931 136.016029
27 9.028453 145.044482
28 9.331867 154.376349
29 9.624701 164.001050
30 9.938016 173.939066
31 10.241722 184.180788
32 10.546423 194.727211
33 10.849220 205.576431
34 11.311255 216.887686
35 11.455261 228.342947
36 11.763056 240.106003
37 12.053669 252.159672
38 12.368804 264.528476
39 12.669965 277.198441
40 12.973070 290.171511
41 13.272281 303.443792
42 13.580661 317.024453
43 13.932464 330.956917
44 14.189073 345.145990
45 14.492750 359.638740
46 14.801285 374.440025
47 15.095108 389.535133
48 15.404879 404.940012
49 16.027813 420.967825
50 16.016162 436.983987
51 16.316805 453.300792
52 16.626722 469.927514
53 16.918531 486.846045
54 17.236601 504.082646
55 17.525488 521.608134
56 17.847543 539.455677
57 18.129237 557.584914
58 18.448619 576.033533
59 18.730771 594.764304
60 19.062712 613.827016
61 19.352140 633.179156
62 19.674566 652.853722
63 19.963406 672.817128
64 20.282260 693.099388
65 20.569195 713.668583
66 20.892405 734.560988
67 21.174917 755.735905
68 21.499771 777.235676
69 21.840242 799.075918
70 22.748642 821.824560
71 22.402017 844.226577
72 22.726206 866.952783
73 23.013797 889.966580
74 23.333809 913.300389
75 23.618613 936.919002
76 23.944522 960.863524
77 24.224399 985.087923
78 24.556875 1009.644798
79 24.835074 1034.479872
80 25.159696 1059.639568
81 25.442911 1085.082479
82 25.775753 1110.858232
83 26.056614 1136.914846
84 26.380144 1163.294990
85 26.670066 1189.965056
86 26.994599 1216.959655
87 27.272550 1244.232205
88 27.620136 1271.852341
89 27.896921 1299.749262
90 28.226923 1327.976185
91 28.504701 1356.480886
92 28.834151 1385.315037
93 29.123782 1414.438819
94 29.459622 1443.898441
95 29.780709 1473.679150
96 30.070481 1503.749631
97 30.339159 1534.088790
98 30.682610 1564.771400
99 30.958426 1595.729826
100 32.553189 1628.283015
101 31.570664 1659.853679
102 31.906837 1691.760516
103 32.185755 1723.946271
104 32.529261 1756.475532
105 32.797321 1789.272853
106 33.130320 1822.403173
107 33.405681 1855.808854
108 33.748220 1889.557074
109 34.023185 1923.580259
110 34.363259 1957.943518
111 34.644527 1992.588045
112 34.983485 2027.571530
113 35.257937 2062.829467
114 35.591726 2098.421193
115 35.866347 2134.287540
116 36.206061 2170.493601
117 36.488512 2206.982113
118 36.822257 2243.804370
119 37.102134 2280.906504
120 37.514063 2318.420567
121 37.762932 2356.183499
122 38.128076 2394.311575
123 38.450467 2432.762042
124 38.745321 2471.507363
125 39.013690 2510.521053
126 39.368628 2549.889681
127 39.634149 2589.523830
128 39.973738 2629.497568
129 40.254063 2669.751631
130 40.605406 2710.357037
131 40.858082 2751.215119
132 41.223641 2792.438760
133 41.487914 2833.926674
134 41.836147 2875.762821
135 42.103934 2917.866755
136 42.459729 2960.326484
137 42.723502 3003.049986
138 43.073923 3046.123909
139 43.334296 3089.458205
140 44.278339 3133.736544
141 44.974466 3178.711010
142 45.339404 3224.050414
143 48.375169 3272.425583
144 45.965135 3318.390718
145 46.224744 3364.615462
146 46.594631 3411.210093
147 46.862089 3458.072182
148 47.246756 3505.318938
149 47.553922 3552.872860
