# instance assign_to_us-west1.pn
# Settings: Namespace(PN='../../../instances/hadoop/hadoop_extensions/us-west1.pn', VDC='../../../instances/hadoop/hadoop_extensions/hadoop_4_1bw.vn', affinity=True, affinity_soft=True, allow_virtual_switches_in_switches=False, anti_affinity=False, assert_all_physical_edges=True, binary_search=True, bitblast_addition=False, bitblast_addition_shadow=False, bvwidth=1, configured=False, conflict_limit=0, debug=False, decide_opt_lits=True, directed_links=False, flush_pb_theory=False, force_virtual_switches=False, ignore_ram_constraints=False, ignore_storage_constraints=False, ijcai_settings=False, intrinsic_edge_constraints=False, intrinsic_edge_sets=True, large_res_opt=True, logfile=None, max_cores=8, max_ram=16, max_resource=None, max_storage=1, max_vms=4, min_cores=False, min_servers=False, monosat_defaults=False, opt_conflict_limit=0, opt_detect_sat=False, opt_time_limit=-1, output=None, popcount='BV', prop_assumps=False, refine_flow=True, remove_all_flow_cycles=False, remove_flow_cycles=False, remove_flow_cycles_python=False, repeat=True, rnd_restart=True, rnd_theory_freq=0.99, rnd_theory_order=False, separate_reach_constraints=False, static_flow_caps=True, theory_order_vsids=True, timelog='./timelogs/softaffinity/config_results_hadoop_us-west1_4vm_1bw', tree_addition=True, use_cover_for_refinement=True, use_min_cost_max_flow=False, vsids_balance=1, vsids_both=True)
init 7.726417 7.726417
1 5.272021 12.998438
2 2.238917 15.237355
3 2.742766 17.980121
4 3.232960 21.213081
5 3.629116 24.842197
6 4.097502 28.939699
7 4.563237 33.502936
8 5.052696 38.555632
9 5.511125 44.066757
10 5.969316 50.036073
11 6.425168 56.461241
12 6.874512 63.335753
13 7.394313 70.730066
14 7.810628 78.540694
15 8.285098 86.825792
16 8.744383 95.570175
17 9.216434 104.786609
18 9.676807 114.463416
19 10.228501 124.691917
20 10.612252 135.304169
21 11.077600 146.381769
22 11.542388 157.924157
23 12.009119 169.933276
24 12.547695 182.480971
25 12.941866 195.422837
26 13.407860 208.830697
27 13.869650 222.700347
28 14.508042 237.208389
29 14.809232 252.017621
30 15.276815 267.294436
31 15.734789 283.029225
32 16.221953 299.251178
33 16.673495 315.924673
34 17.146190 333.070863
35 17.604640 350.675503
36 18.117628 368.793131
37 19.032748 387.825879
38 19.521101 407.346980
39 19.987565 427.334545
40 20.830313 448.164858
41 20.936385 469.101243
42 21.504552 490.605795
43 21.891407 512.497202
44 22.388019 534.885221
45 22.847335 557.732556
46 23.354562 581.087118
47 23.815683 604.902801
48 24.311089 629.213890
49 24.769553 653.983443
50 25.280898 679.264341
51 25.727328 704.991669
52 26.243147 731.234816
53 26.685533 757.920349
54 27.189351 785.109700
55 27.649770 812.759470
56 28.160260 840.919730
57 29.307573 870.227303
58 29.116982 899.344285
59 29.637885 928.982170
60 30.077493 959.059663
61 30.521967 989.581630
62 31.050715 1020.632345
63 31.490294 1052.122639
64 32.016178 1084.138817
65 32.441346 1116.580163
66 32.969567 1149.549730
67 33.402937 1182.952667
68 33.935237 1216.887904
69 34.353361 1251.241265
70 34.891796 1286.133061
71 35.324187 1321.457248
72 35.862144 1357.319392
73 36.320872 1393.640264
74 36.820647 1430.460911
75 37.258918 1467.719829
76 37.797264 1505.517093
77 38.230162 1543.747255
78 38.764580 1582.511835
79 39.170294 1621.682129
80 39.721133 1661.403262
81 40.208257 1701.611519
82 42.070153 1743.681672
83 41.117535 1784.799207
84 41.656137 1826.455344
85 42.069099 1868.524443
86 42.612693 1911.137136
87 43.040163 1954.177299
88 43.595860 1997.773159
89 44.014413 2041.787572
90 44.555734 2086.343306
91 44.963451 2131.306757
92 45.498725 2176.805482
93 45.926930 2222.732412
94 46.474126 2269.206538
95 46.895610 2316.102148
96 47.443811 2363.545959
97 47.837237 2411.383196
98 48.399020 2459.782216
99 48.824179 2508.606395
100 49.366297 2557.972692
101 49.766133 2607.738825
102 50.410938 2658.149763
103 50.751509 2708.901272
104 51.301042 2760.202314
105 51.704214 2811.906528
106 52.275887 2864.182415
107 52.685877 2916.868292
108 53.247860 2970.116152
109 53.635006 3023.751158
110 54.186682 3077.937840
111 54.567705 3132.505545
112 55.163042 3187.668587
113 55.558886 3243.227473
114 56.112930 3299.340403
115 56.524974 3355.865377
116 59.854455 3415.719832
117 57.376782 3473.096614
118 57.943984 3531.040598
119 58.346758 3589.387356
