# instance assign_to_us-mid2.pn
# Settings: Namespace(PN='../../../instances/hadoop/hadoop_extensions/us-mid2.pn', VDC='../../../instances/hadoop/hadoop_extensions/hadoop_4_1bw.vn', affinity=True, affinity_soft=True, allow_virtual_switches_in_switches=False, anti_affinity=False, assert_all_physical_edges=True, binary_search=True, bitblast_addition=False, bitblast_addition_shadow=False, bvwidth=1, configured=False, conflict_limit=0, debug=False, decide_opt_lits=True, directed_links=False, flush_pb_theory=False, force_virtual_switches=False, ignore_ram_constraints=False, ignore_storage_constraints=False, ijcai_settings=False, intrinsic_edge_constraints=False, intrinsic_edge_sets=True, large_res_opt=True, logfile=None, max_cores=8, max_ram=16, max_resource=None, max_storage=1, max_vms=4, min_cores=False, min_servers=False, monosat_defaults=False, opt_conflict_limit=0, opt_detect_sat=False, opt_time_limit=-1, output=None, popcount='BV', prop_assumps=False, refine_flow=True, remove_all_flow_cycles=False, remove_flow_cycles=False, remove_flow_cycles_python=False, repeat=True, rnd_restart=True, rnd_theory_freq=0.99, rnd_theory_order=False, separate_reach_constraints=False, static_flow_caps=True, theory_order_vsids=True, timelog='./timelogs/softaffinity/config_results_hadoop_us-mid2_4vm_1bw', tree_addition=True, use_cover_for_refinement=True, use_min_cost_max_flow=False, vsids_balance=1, vsids_both=True)
init 5.123134 5.123134
1 3.402606 8.525740
2 1.462830 9.988570
3 1.795553 11.784123
4 2.062961 13.847084
5 2.374867 16.221951
6 2.665147 18.887098
7 3.003579 21.890677
8 3.269295 25.159972
9 3.583097 28.743069
10 3.893224 32.636293
11 4.220740 36.857033
12 4.537542 41.394575
13 4.790382 46.184957
14 5.088558 51.273515
15 5.400165 56.673680
16 5.736836 62.410516
17 6.008112 68.418628
18 6.305433 74.724061
19 6.615230 81.339291
20 6.906822 88.246113
21 7.217159 95.463272
22 7.517144 102.980416
23 7.819321 110.799737
24 8.204353 119.004090
25 8.427057 127.431147
26 8.727628 136.158775
27 9.037462 145.196237
28 9.343930 154.540167
29 9.635544 164.175711
30 9.945888 174.121599
31 10.252748 184.374347
32 10.555791 194.930138
33 10.859566 205.789704
34 11.321284 217.110988
35 11.466092 228.577080
36 11.772536 240.349616
37 12.064460 252.414076
38 12.381442 264.795518
39 12.682440 277.477958
40 12.983229 290.461187
41 13.282617 303.743804
42 13.595167 317.338971
43 13.942990 331.281961
44 14.203212 345.485173
45 14.506866 359.992039
46 14.817264 374.809303
47 15.115522 389.924825
48 15.422183 405.347008
49 16.040784 421.387792
50 16.031161 437.418953
51 16.330489 453.749442
52 16.641813 470.391255
53 16.937368 487.328623
54 17.257593 504.586216
55 17.543705 522.129921
56 17.865328 539.995249
57 18.147017 558.142266
58 18.465919 576.608185
59 18.749955 595.358140
60 19.082278 614.440418
61 19.368725 633.809143
62 19.693802 653.502945
63 19.986119 673.489064
64 20.306537 693.795601
65 20.593541 714.389142
66 20.915280 735.304422
67 21.197309 756.501731
68 21.523000 778.024731
69 21.863421 799.888152
70 22.770777 822.658929
71 22.421159 845.080088
72 22.742785 867.822873
73 23.032724 890.855597
74 23.357868 914.213465
75 23.644133 937.857598
76 23.972015 961.829613
77 24.250124 986.079737
78 24.581308 1010.661045
79 24.860540 1035.521585
80 25.186442 1060.708027
81 25.472475 1086.180502
82 25.803696 1111.984198
83 26.087443 1138.071641
84 26.410222 1164.481863
85 26.701582 1191.183445
86 27.029698 1218.213143
87 27.297431 1245.510574
88 27.651017 1273.161591
89 27.928599 1301.090190
90 28.260202 1329.350392
91 28.537366 1357.887758
92 28.873075 1386.760833
93 29.152405 1415.913238
94 29.494243 1445.407481
95 29.813629 1475.221110
96 30.102761 1505.323871
97 30.372556 1535.696427
98 30.715983 1566.412410
99 30.990578 1597.402988
100 32.600803 1630.003791
101 31.604832 1661.608623
102 31.940352 1693.548975
103 32.219798 1725.768773
104 32.565512 1758.334285
105 32.830789 1791.165074
106 33.168126 1824.333200
107 33.442019 1857.775219
108 33.781423 1891.556642
109 34.056676 1925.613318
110 34.396180 1960.009498
111 34.675645 1994.685143
112 35.020129 2029.705272
113 35.290976 2064.996248
114 35.631795 2100.628043
115 35.904488 2136.532531
116 36.246123 2172.778654
117 36.521536 2209.300190
118 36.859396 2246.159586
119 37.137262 2283.296848
120 37.538333 2320.835181
121 37.790498 2358.625679
122 38.155386 2396.781065
123 38.469781 2435.250846
124 38.770115 2474.020961
125 39.039358 2513.060319
126 39.402764 2552.463083
127 39.664182 2592.127265
128 40.014162 2632.141427
129 40.287741 2672.429168
130 40.641704 2713.070872
131 40.894589 2753.965461
132 41.261861 2795.227322
133 41.518496 2836.745818
134 41.875642 2878.621460
135 42.141028 2920.762488
136 42.500299 2963.262787
137 42.761393 3006.024180
138 43.106211 3049.130391
139 43.362318 3092.492709
140 43.726001 3136.218710
141 43.997386 3180.216096
142 44.352470 3224.568566
143 47.129959 3271.698525
144 44.973146 3316.671671
145 45.218472 3361.890143
146 45.580576 3407.470719
147 45.841818 3453.312537
148 46.211515 3499.524052
149 46.521301 3546.045353
150 46.820719 3592.866072
