# instance assign_to_us-west2.pn
# Settings: Namespace(PN='../../../instances/hadoop/hadoop_extensions/us-west2.pn', VDC='../../../instances/hadoop/hadoop_extensions/hadoop_4_1bw.vn', affinity=True, affinity_soft=True, allow_virtual_switches_in_switches=False, anti_affinity=False, assert_all_physical_edges=True, binary_search=True, bitblast_addition=False, bitblast_addition_shadow=False, bvwidth=1, configured=False, conflict_limit=0, debug=False, decide_opt_lits=True, directed_links=False, flush_pb_theory=False, force_virtual_switches=False, ignore_ram_constraints=False, ignore_storage_constraints=False, ijcai_settings=False, intrinsic_edge_constraints=False, intrinsic_edge_sets=True, large_res_opt=True, logfile=None, max_cores=8, max_ram=16, max_resource=None, max_storage=1, max_vms=4, min_cores=False, min_servers=False, monosat_defaults=False, opt_conflict_limit=0, opt_detect_sat=False, opt_time_limit=-1, output=None, popcount='BV', prop_assumps=False, refine_flow=True, remove_all_flow_cycles=False, remove_flow_cycles=False, remove_flow_cycles_python=False, repeat=True, rnd_restart=True, rnd_theory_freq=0.99, rnd_theory_order=False, separate_reach_constraints=False, static_flow_caps=True, theory_order_vsids=True, timelog='./timelogs/softaffinity/config_results_hadoop_us-west2_4vm_1bw', tree_addition=True, use_cover_for_refinement=True, use_min_cost_max_flow=False, vsids_balance=1, vsids_both=True)
init 1.797247 1.797247
1 1.102828 2.900075
2 0.486158 3.386233
3 0.593704 3.979937
4 0.686449 4.666386
5 0.785751 5.452137
6 0.889888 6.342025
7 0.991502 7.333527
8 1.094784 8.428311
9 1.197342 9.625653
10 1.296552 10.922205
11 1.394789 12.316994
12 1.517057 13.834051
13 1.606268 15.440319
14 1.694731 17.135050
15 1.797649 18.932699
16 1.899073 20.831772
17 2.000283 22.832055
18 2.101245 24.933300
19 2.202325 27.135625
20 2.323158 29.458783
21 2.402961 31.861744
22 2.502329 34.364073
23 2.604364 36.968437
24 2.706084 39.674521
25 2.803028 42.477549
26 2.908927 45.386476
27 3.008793 48.395269
28 3.111443 51.506712
29 3.253750 54.760462
30 3.312892 58.073354
31 3.414254 61.487608
32 3.517788 65.005396
33 3.617145 68.622541
34 3.721347 72.343888
35 3.815740 76.159628
36 3.921531 80.081159
37 4.029985 84.111144
38 4.137129 88.248273
39 4.231436 92.479709
40 4.339661 96.819370
41 4.522776 101.342146
42 4.544150 105.886296
43 4.641526 110.527822
44 4.746693 115.274515
45 4.845093 120.119608
46 4.952972 125.072580
47 5.048849 130.121429
48 5.157185 135.278614
49 5.250269 140.528883
50 5.357993 145.886876
51 5.456597 151.343473
52 5.565734 156.909207
53 5.660007 162.569214
54 5.769957 168.339171
55 5.862950 174.202121
56 5.973260 180.175381
57 6.067325 186.242706
58 6.169081 192.411787
59 6.431059 198.842846
60 6.368068 205.210914
61 6.464586 211.675500
62 6.577198 218.252698
63 6.668674 224.921372
64 6.778251 231.699623
65 6.870307 238.569930
66 6.983694 245.553624
67 7.076986 252.630610
68 7.188928 259.819538
69 7.279309 267.098847
70 7.395633 274.494480
71 7.488334 281.982814
72 7.602012 289.584826
73 7.691799 297.276625
74 7.805892 305.082517
75 7.897983 312.980500
76 8.035321 321.015821
77 8.098778 329.114599
78 8.215883 337.330482
79 8.305416 345.635898
80 8.424601 354.060499
81 8.508521 362.569020
82 8.627497 371.196517
83 8.718210 379.914727
84 8.831842 388.746569
85 9.250917 397.997486
86 9.036434 407.033920
87 9.120319 416.154239
88 9.239073 425.393312
89 9.331854 434.725166
90 9.444472 444.169638
91 9.531094 453.700732
92 9.654048 463.354780
93 9.736148 473.090928
94 9.860412 482.951340
95 9.940592 492.891932
96 10.059582 502.951514
97 10.149612 513.101126
98 10.267138 523.368264
99 10.347220 533.715484
100 10.472303 544.187787
101 10.554838 554.742625
102 10.674947 565.417572
103 10.758581 576.176153
104 10.879954 587.056107
105 10.965380 598.021487
106 11.088212 609.109699
107 11.168942 620.278641
108 11.296988 631.575629
109 11.381959 642.957588
110 11.495523 654.453111
111 11.587839 666.040950
112 11.707206 677.748156
113 11.790564 689.538720
114 11.912772 701.451492
115 11.999008 713.450500
116 12.116493 725.566993
117 12.206088 737.773081
118 12.325482 750.098563
119 12.409278 762.507841
120 13.184471 775.692312
121 12.616443 788.308755
122 12.741231 801.049986
123 12.827314 813.877300
124 12.954357 826.831657
125 13.031056 839.862713
126 13.160629 853.023342
127 13.238617 866.261959
128 13.365103 879.627062
129 13.450161 893.077223
130 13.577644 906.654867
131 13.653272 920.308139
132 13.785739 934.093878
133 13.865746 947.959624
134 13.988785 961.948409
135 14.074012 976.022421
136 14.196961 990.219382
137 14.278653 1004.498035
138 14.410447 1018.908482
139 14.483185 1033.391667
140 14.615044 1048.006711
141 14.694685 1062.701396
142 14.822405 1077.523801
143 14.900604 1092.424405
144 15.034768 1107.459173
145 15.110867 1122.570040
146 15.243604 1137.813644
147 15.316787 1153.130431
148 15.450599 1168.581030
149 15.523013 1184.104043
150 15.654024 1199.758067
151 15.731861 1215.489928
152 15.866789 1231.356717
153 15.937006 1247.293723
154 16.073309 1263.367032
155 16.151459 1279.518491
156 16.279972 1295.798463
157 16.356663 1312.155126
158 16.489883 1328.645009
159 16.563354 1345.208363
160 16.697158 1361.905521
161 16.765924 1378.671445
162 16.903025 1395.574470
163 16.974390 1412.548860
164 17.114060 1429.662920
165 17.187492 1446.850412
166 17.317539 1464.167951
167 17.393380 1481.561331
168 17.526936 1499.088267
169 17.601993 1516.690260
170 17.734112 1534.424372
171 19.090327 1553.514699
172 17.952348 1571.467047
173 18.023221 1589.490268
174 18.160361 1607.650629
175 18.225131 1625.875760
176 18.370130 1644.245890
177 18.441797 1662.687687
178 18.576840 1681.264527
179 18.638358 1699.902885
180 18.782085 1718.684970
181 18.850937 1737.535907
182 18.983772 1756.519679
183 19.056757 1775.576436
184 19.199228 1794.775664
185 19.270562 1814.046226
186 19.406958 1833.453184
187 19.475474 1852.928658
188 19.623469 1872.552127
189 19.692380 1892.244507
190 19.832873 1912.077380
191 19.897451 1931.974831
192 20.038807 1952.013638
193 20.109590 1972.123228
194 20.250853 1992.374081
195 20.308385 2012.682466
196 20.453465 2033.135931
197 20.519760 2053.655691
198 20.667251 2074.322942
199 20.730343 2095.053285
200 20.875642 2115.928927
201 20.935195 2136.864122
202 21.087884 2157.952006
203 21.147012 2179.099018
204 21.294736 2200.393754
205 21.353940 2221.747694
206 21.507287 2243.254981
207 21.568466 2264.823447
208 21.714750 2286.538197
209 21.773365 2308.311562
210 21.932750 2330.244312
211 21.991372 2352.235684
212 22.138596 2374.374280
213 22.204383 2396.578663
214 22.339850 2418.918513
215 22.405138 2441.323651
216 22.560203 2463.883854
217 22.617298 2486.501152
218 22.769926 2509.271078
219 22.828160 2532.099238
220 22.972194 2555.071432
221 23.039764 2578.111196
222 23.189317 2601.300513
223 23.243933 2624.544446
224 23.404659 2647.949105
225 23.460063 2671.409168
226 23.615458 2695.024626
227 23.672499 2718.697125
228 23.816897 2742.514022
229 23.873833 2766.387855
230 24.027906 2790.415761
231 24.088675 2814.504436
232 24.247827 2838.752263
233 24.301698 2863.053961
234 24.448107 2887.502068
235 24.510177 2912.012245
236 24.665983 2936.678228
237 24.721621 2961.399849
238 24.876906 2986.276755
239 24.933215 3011.209970
240 25.083261 3036.293231
241 25.145113 3061.438344
242 25.303438 3086.741782
243 27.900425 3114.642207
244 25.517792 3140.159999
245 25.573186 3165.733185
246 25.728858 3191.462043
247 25.780933 3217.242976
248 25.937232 3243.180208
249 25.996276 3269.176484
250 26.150807 3295.327291
251 26.208328 3321.535619
252 26.369246 3347.904865
253 26.422888 3374.327753
254 26.566150 3400.893903
255 26.630206 3427.524109
256 26.786359 3454.310468
257 26.832216 3481.142684
258 26.982387 3508.125071
259 27.035000 3535.160071
260 27.200714 3562.360785
261 27.250898 3589.611683
