# instance assign_to_us-mid1.pn
# Settings: Namespace(PN='../../../instances/hadoop/hadoop_extensions/us-mid1.pn', VDC='../../../instances/hadoop/hadoop_extensions/hadoop_4_1bw.vn', affinity=True, affinity_soft=True, allow_virtual_switches_in_switches=False, anti_affinity=False, assert_all_physical_edges=True, binary_search=True, bitblast_addition=False, bitblast_addition_shadow=False, bvwidth=1, configured=False, conflict_limit=0, debug=False, decide_opt_lits=True, directed_links=False, flush_pb_theory=False, force_virtual_switches=False, ignore_ram_constraints=False, ignore_storage_constraints=False, ijcai_settings=False, intrinsic_edge_constraints=False, intrinsic_edge_sets=True, large_res_opt=True, logfile=None, max_cores=8, max_ram=16, max_resource=None, max_storage=1, max_vms=4, min_cores=False, min_servers=False, monosat_defaults=False, opt_conflict_limit=0, opt_detect_sat=False, opt_time_limit=-1, output=None, popcount='BV', prop_assumps=False, refine_flow=True, remove_all_flow_cycles=False, remove_flow_cycles=False, remove_flow_cycles_python=False, repeat=True, rnd_restart=True, rnd_theory_freq=0.99, rnd_theory_order=False, separate_reach_constraints=False, static_flow_caps=True, theory_order_vsids=True, timelog='./timelogs/softaffinity/config_results_hadoop_us-mid1_4vm_1bw', tree_addition=True, use_cover_for_refinement=True, use_min_cost_max_flow=False, vsids_balance=1, vsids_both=True)
init 2.514326 2.514326
1 1.577567 4.091893
2 0.690600 4.782493
3 0.843885 5.626378
4 0.970053 6.596431
5 1.115323 7.711754
6 1.255510 8.967264
7 1.400428 10.367692
8 1.552826 11.920518
9 1.677389 13.597907
10 1.830270 15.428177
11 1.986387 17.414564
12 2.107271 19.521835
13 2.253443 21.775278
14 2.392111 24.167389
15 2.536899 26.704288
16 2.675520 29.379808
17 2.845078 32.224886
18 2.962389 35.187275
19 3.105470 38.292745
20 3.246633 41.539378
21 3.390882 44.930260
22 3.532545 48.462805
23 3.674315 52.137120
24 3.861309 55.998429
25 3.960495 59.958924
26 4.102212 64.061136
27 4.245423 68.306559
28 4.390344 72.696903
29 4.528126 77.225029
30 4.673672 81.898701
31 4.814647 86.713348
32 4.960796 91.674144
33 5.100504 96.774648
34 5.246468 102.021116
35 5.479541 107.500657
36 5.532686 113.033343
37 5.668550 118.701893
38 5.817517 124.519410
39 5.951091 130.470501
40 6.105321 136.575822
41 6.241665 142.817487
42 6.388612 149.206099
43 6.558093 155.764192
44 6.675164 162.439356
45 6.812063 169.251419
46 6.963980 176.215399
47 7.103414 183.318813
48 7.254682 190.573495
49 7.391880 197.965375
50 7.717187 205.682562
51 7.675290 213.357852
52 7.823241 221.181093
53 7.962208 229.143301
54 8.109441 237.252742
55 8.251756 245.504498
56 8.406337 253.910835
57 8.538435 262.449270
58 8.695096 271.144366
59 8.828222 279.972588
60 8.979616 288.952204
61 9.115428 298.067632
62 9.265675 307.333307
63 9.402389 316.735696
64 9.555010 326.290706
65 9.691376 335.982082
66 9.844903 345.826985
67 9.976009 355.802994
68 10.130024 365.933018
69 10.263055 376.196073
70 10.418936 386.615009
71 10.549197 397.164206
72 11.064519 408.228725
73 10.840796 419.069521
74 10.994331 430.063852
75 11.129218 441.193070
76 11.283258 452.476328
77 11.415285 463.891613
78 11.566931 475.458544
79 11.696241 487.154785
80 11.858495 499.013280
81 11.990372 511.003652
82 12.145947 523.149599
83 12.274301 535.423900
84 12.437827 547.861727
85 12.575761 560.437488
86 12.733137 573.170625
87 12.863044 586.033669
88 13.022827 599.056496
89 13.153247 612.209743
90 13.315414 625.525157
91 13.443940 638.969097
92 13.604841 652.573938
93 13.733174 666.307112
94 13.892462 680.199574
95 14.022744 694.222318
96 14.178181 708.400499
97 14.311016 722.711515
98 14.475057 737.186572
99 14.599140 751.785712
100 14.766583 766.552295
101 14.921292 781.473587
102 15.047761 796.521348
103 15.890108 812.411456
104 15.338095 827.749551
105 15.465340 843.214891
106 15.630777 858.845668
107 15.761472 874.607140
108 15.923993 890.531133
109 16.050057 906.581190
110 16.212577 922.793767
111 16.333150 939.126917
112 16.502355 955.629272
113 16.623563 972.252835
114 16.791974 989.044809
115 16.913688 1005.958497
116 17.081365 1023.039862
117 17.206799 1040.246661
118 17.370547 1057.617208
119 17.493169 1075.110377
120 17.659655 1092.770032
121 17.778066 1110.548098
122 17.949492 1128.497590
123 18.061023 1146.558613
124 18.216112 1164.774725
125 18.333023 1183.107748
126 18.507019 1201.614767
127 18.621876 1220.236643
128 18.788187 1239.024830
129 18.909285 1257.934115
130 19.083024 1277.017139
131 19.204386 1296.221525
132 19.374810 1315.596335
133 19.488123 1335.084458
134 19.662319 1354.746777
135 19.780882 1374.527659
136 19.959362 1394.487021
137 20.073426 1414.560447
138 20.243511 1434.803958
139 20.361735 1455.165693
140 20.543273 1475.708966
141 20.655346 1496.364312
142 20.826606 1517.190918
143 20.942345 1538.133263
144 21.129616 1559.262879
145 21.233745 1580.496624
146 22.821932 1603.318556
147 21.540394 1624.858950
148 21.711238 1646.570188
149 21.822415 1668.392603
150 21.996650 1690.389253
151 22.107228 1712.496481
152 22.324851 1734.821332
153 22.407420 1757.228752
154 22.580531 1779.809283
155 22.705125 1802.514408
156 22.880301 1825.394709
157 22.985814 1848.380523
158 23.161592 1871.542115
159 23.280973 1894.823088
160 23.464549 1918.287637
161 23.575372 1941.863009
162 23.755552 1965.618561
163 23.869083 1989.487644
164 24.046160 2013.533804
165 24.154079 2037.687883
166 24.333791 2062.021674
167 24.452101 2086.473775
168 24.630656 2111.104431
169 24.745336 2135.849767
170 24.927816 2160.777583
171 25.038116 2185.815699
172 25.227124 2211.042823
173 25.333203 2236.376026
174 25.517446 2261.893472
175 25.609364 2287.502836
176 25.806974 2313.309810
177 25.918312 2339.228122
178 26.096067 2365.324189
179 26.207608 2391.531797
180 26.395243 2417.927040
181 26.500225 2444.427265
182 26.687683 2471.114948
183 26.793108 2497.908056
184 26.980722 2524.888778
185 27.085161 2551.973939
186 27.273089 2579.247028
187 27.385251 2606.632279
188 27.573163 2634.205442
189 27.677332 2661.882774
190 27.873973 2689.756747
191 27.971735 2717.728482
192 28.155661 2745.884143
193 28.263354 2774.147497
194 28.461575 2802.609072
195 28.561774 2831.170846
196 28.753396 2859.924242
197 28.852730 2888.776972
198 29.039302 2917.816274
199 29.147954 2946.964228
200 29.368644 2976.332872
201 29.438443 3005.771315
202 29.634958 3035.406273
203 29.731117 3065.137390
204 29.925193 3095.062583
205 30.032645 3125.095228
206 30.217792 3155.313020
207 33.120555 3188.433575
208 30.522609 3218.956184
209 30.610481 3249.566665
210 30.820127 3280.386792
211 30.923020 3311.309812
212 31.111706 3342.421518
213 31.208154 3373.629672
214 31.406058 3405.035730
215 31.509967 3436.545697
216 31.705590 3468.251287
217 31.795682 3500.046969
218 31.991921 3532.038890
219 32.101894 3564.140784
220 32.301450 3596.442234
