# instance assign_to_us-west1.pn
# Settings: Namespace(PN='../../../instances/hadoop/hadoop_extensions/us-west1.pn', VDC='../../../instances/hadoop/hadoop_extensions/hadoop_4_2bw.vn', affinity=True, affinity_soft=True, allow_virtual_switches_in_switches=False, anti_affinity=False, assert_all_physical_edges=True, binary_search=True, bitblast_addition=False, bitblast_addition_shadow=False, bvwidth=1, configured=False, conflict_limit=0, debug=False, decide_opt_lits=True, directed_links=False, flush_pb_theory=False, force_virtual_switches=False, ignore_ram_constraints=False, ignore_storage_constraints=False, ijcai_settings=False, intrinsic_edge_constraints=False, intrinsic_edge_sets=True, large_res_opt=True, logfile=None, max_cores=8, max_ram=16, max_resource=None, max_storage=1, max_vms=4, min_cores=False, min_servers=False, monosat_defaults=False, opt_conflict_limit=0, opt_detect_sat=False, opt_time_limit=-1, output=None, popcount='BV', prop_assumps=False, refine_flow=True, remove_all_flow_cycles=False, remove_flow_cycles=False, remove_flow_cycles_python=False, repeat=True, rnd_restart=True, rnd_theory_freq=0.99, rnd_theory_order=False, separate_reach_constraints=False, static_flow_caps=True, theory_order_vsids=True, timelog='./timelogs/softaffinity/config_results_hadoop_us-west1_4vm_2bw', tree_addition=True, use_cover_for_refinement=True, use_min_cost_max_flow=False, vsids_balance=1, vsids_both=True)
init 7.735747 7.735747
1 5.290065 13.025812
2 2.251731 15.277543
3 2.759077 18.036620
4 3.252258 21.288878
5 3.651948 24.940826
6 4.123695 29.064521
7 4.593756 33.658277
8 5.083022 38.741299
9 5.549201 44.290500
10 6.009603 50.300103
11 6.468740 56.768843
12 6.923019 63.691862
13 7.448024 71.139886
14 7.864008 79.003894
15 8.341066 87.344960
16 8.802532 96.147492
17 9.278242 105.425734
18 9.740135 115.165869
19 10.304270 125.470139
20 10.680745 136.150884
21 11.150983 147.301867
22 11.620053 158.921920
23 12.090878 171.012798
24 12.625192 183.637990
25 13.029103 196.667093
26 13.496556 210.163649
27 13.961686 224.125335
28 14.618972 238.744307
29 14.902051 253.646358
30 15.381688 269.028046
31 15.839137 284.867183
32 16.323984 301.191167
33 16.784529 317.975696
34 17.261589 335.237285
35 17.723669 352.960954
36 18.207582 371.168536
37 18.660371 389.828907
38 19.144779 408.973686
39 19.601586 428.575272
40 20.435295 449.010567
41 20.528756 469.539323
42 21.086582 490.625905
43 21.469867 512.095772
44 21.949867 534.045639
45 22.408852 556.454491
46 22.897746 579.352237
47 23.351389 602.703626
48 23.840882 626.544508
49 24.283992 650.828500
50 24.784049 675.612549
51 25.234585 700.847134
52 25.730287 726.577421
53 26.172194 752.749615
54 26.654094 779.403709
55 27.117811 806.521520
56 27.609217 834.130737
57 28.756615 862.887352
58 28.548225 891.435577
59 29.067249 920.502826
60 29.492840 949.995666
61 29.923043 979.918709
62 30.441469 1010.360178
63 30.876780 1041.236958
64 31.385700 1072.622658
65 31.812657 1104.435315
66 32.327224 1136.762539
67 32.753865 1169.516404
68 33.278598 1202.795002
69 33.689495 1236.484497
70 34.218846 1270.703343
71 34.644266 1305.347609
72 35.161068 1340.508677
73 35.601576 1376.110253
74 36.088587 1412.198840
75 36.526897 1448.725737
76 37.046914 1485.772651
77 37.473004 1523.245655
78 37.994046 1561.239701
79 38.401015 1599.640716
80 38.933021 1638.573737
81 39.411363 1677.985100
82 41.274214 1719.259314
83 40.304756 1759.564070
84 40.827565 1800.391635
85 41.240797 1841.632432
86 41.771237 1883.403669
87 42.179894 1925.583563
88 42.725217 1968.308780
89 43.129508 2011.438288
90 43.668258 2055.106546
91 44.078231 2099.184777
92 44.596201 2143.780978
93 45.018338 2188.799316
94 45.557488 2234.356804
95 45.976066 2280.332870
96 46.512449 2326.845319
97 46.908739 2373.754058
98 47.445681 2421.199739
99 47.863108 2469.062847
100 48.400235 2517.463082
101 48.791772 2566.254854
102 49.405779 2615.660633
103 49.750460 2665.411093
104 50.295622 2715.706715
105 50.698404 2766.405119
106 51.235799 2817.640918
107 51.649799 2869.290717
108 52.200396 2921.491113
109 52.606982 2974.098095
110 53.134819 3027.232914
111 53.525008 3080.757922
112 54.099583 3134.857505
113 54.494306 3189.351811
114 55.037881 3244.389692
115 55.441212 3299.830904
116 58.773742 3358.604646
117 56.282657 3414.887303
118 56.827894 3471.715197
119 57.240446 3528.955643
120 57.860300 3586.815943
