# instance assign_to_us-west2.pn
# Settings: Namespace(PN='../../../instances/hadoop/hadoop_extensions/us-west2.pn', VDC='../../../instances/hadoop/hadoop_extensions/hadoop_4_2bw.vn', affinity=True, affinity_soft=True, allow_virtual_switches_in_switches=False, anti_affinity=False, assert_all_physical_edges=True, binary_search=True, bitblast_addition=False, bitblast_addition_shadow=False, bvwidth=1, configured=False, conflict_limit=0, debug=False, decide_opt_lits=True, directed_links=False, flush_pb_theory=False, force_virtual_switches=False, ignore_ram_constraints=False, ignore_storage_constraints=False, ijcai_settings=False, intrinsic_edge_constraints=False, intrinsic_edge_sets=True, large_res_opt=True, logfile=None, max_cores=8, max_ram=16, max_resource=None, max_storage=1, max_vms=4, min_cores=False, min_servers=False, monosat_defaults=False, opt_conflict_limit=0, opt_detect_sat=False, opt_time_limit=-1, output=None, popcount='BV', prop_assumps=False, refine_flow=True, remove_all_flow_cycles=False, remove_flow_cycles=False, remove_flow_cycles_python=False, repeat=True, rnd_restart=True, rnd_theory_freq=0.99, rnd_theory_order=False, separate_reach_constraints=False, static_flow_caps=True, theory_order_vsids=True, timelog='./timelogs/softaffinity/config_results_hadoop_us-west2_4vm_2bw', tree_addition=True, use_cover_for_refinement=True, use_min_cost_max_flow=False, vsids_balance=1, vsids_both=True)
init 1.813166 1.813166
1 1.105911 2.919077
2 0.490600 3.409677
3 0.599190 4.008867
4 0.693470 4.702337
5 0.794083 5.496420
6 0.899249 6.395669
7 1.000566 7.396235
8 1.105493 8.501728
9 1.210448 9.712176
10 1.309573 11.021749
11 1.408677 12.430426
12 1.533540 13.963966
13 1.623987 15.587953
14 1.712957 17.300910
15 1.816771 19.117681
16 1.918023 21.035704
17 2.021419 23.057123
18 2.123503 25.180626
19 2.225061 27.405687
20 2.351040 29.756727
21 2.428838 32.185565
22 2.529504 34.715069
23 2.633260 37.348329
24 2.736767 40.085096
25 2.835296 42.920392
26 2.942550 45.862942
27 3.042139 48.905081
28 3.146227 52.051308
29 3.293497 55.344805
30 3.352102 58.696907
31 3.453818 62.150725
32 3.557072 65.707797
33 3.658013 69.365810
34 3.763503 73.129313
35 3.860826 76.990139
36 3.968027 80.958166
37 4.074497 85.032663
38 4.183416 89.216079
39 4.279849 93.495928
40 4.388542 97.884470
41 4.577171 102.461641
42 4.595131 107.056772
43 4.693539 111.750311
44 4.800402 116.550713
45 4.901939 121.452652
46 5.007426 126.460078
47 5.105906 131.565984
48 5.213829 136.779813
49 5.311269 142.091082
50 5.419731 147.510813
51 5.519083 153.029896
52 5.629267 158.659163
53 5.725796 164.384959
54 5.836425 170.221384
55 5.929331 176.150715
56 6.038857 182.189572
57 6.134122 188.323694
58 6.239207 194.562901
59 6.513674 201.076575
60 6.441758 207.518333
61 6.539468 214.057801
62 6.650495 220.708296
63 6.743927 227.452223
64 6.857087 234.309310
65 6.948165 241.257475
66 7.064033 248.321508
67 7.159444 255.480952
68 7.272126 262.753078
69 7.362170 270.115248
70 7.479210 277.594458
71 7.570959 285.165417
72 7.685787 292.851204
73 7.779039 300.630243
74 7.891155 308.521398
75 7.987120 316.508518
76 8.126862 324.635380
77 8.190804 332.826184
78 8.308387 341.134571
79 8.398415 349.532986
80 8.519616 358.052602
81 8.603686 366.656288
82 8.727718 375.384006
83 8.817793 384.201799
84 8.933870 393.135669
85 9.379965 402.515634
86 9.140380 411.656014
87 9.229119 420.885133
88 9.346413 430.231546
89 9.435304 439.666850
90 9.554416 449.221266
91 9.642314 458.863580
92 9.762699 468.626279
93 9.849741 478.476020
94 9.974352 488.450372
95 10.058544 498.508916
96 10.180528 508.689444
97 10.269094 518.958538
98 10.387958 529.346496
99 10.467250 539.813746
100 10.596273 550.410019
101 10.680643 561.090662
102 10.803488 571.894150
103 10.886753 582.780903
104 11.007861 593.788764
105 11.093855 604.882619
106 11.218809 616.101428
107 11.299910 627.401338
108 11.427107 638.828445
109 11.512668 650.341113
110 11.632983 661.974096
111 11.723568 673.697664
112 11.842477 685.540141
113 11.929013 697.469154
114 12.053874 709.523028
115 12.140060 721.663088
116 12.264509 733.927597
117 12.346801 746.274398
118 12.473909 758.748307
119 12.553813 771.302120
120 13.381468 784.683588
121 12.763268 797.446856
122 12.887407 810.334263
123 12.973955 823.308218
124 13.103768 836.411986
125 13.179931 849.591917
126 13.312142 862.904059
127 13.389872 876.293931
128 13.522508 889.816439
129 13.602168 903.418607
130 13.730777 917.149384
131 13.808978 930.958362
132 13.941693 944.900055
133 14.018531 958.918586
134 14.145041 973.063627
135 14.229338 987.292965
136 14.359857 1001.652822
137 14.442695 1016.095517
138 14.576877 1030.672394
139 14.647277 1045.319671
140 14.787581 1060.107252
141 14.858252 1074.965504
142 14.988308 1089.953812
143 15.070226 1105.024038
144 15.205976 1120.230014
145 15.280013 1135.510027
146 15.414271 1150.924298
147 15.491453 1166.415751
148 15.622790 1182.038541
149 15.698112 1197.736653
150 15.835624 1213.572277
151 15.911543 1229.483820
152 16.046754 1245.530574
153 16.118620 1261.649194
154 16.259134 1277.908328
155 16.334238 1294.242566
156 16.468283 1310.710849
157 16.542727 1327.253576
158 16.682289 1343.935865
159 16.758852 1360.694717
160 16.891285 1377.586002
161 16.963891 1394.549893
162 17.102288 1411.652181
163 17.171693 1428.823874
164 17.317051 1446.140925
165 17.385772 1463.526697
166 17.520003 1481.046700
167 17.594565 1498.641265
168 17.733559 1516.374824
169 17.804751 1534.179575
170 17.946294 1552.125869
171 19.406085 1571.531954
172 18.164967 1589.696921
173 18.233239 1607.930160
174 18.375145 1626.305305
175 18.447326 1644.752631
176 18.587079 1663.339710
177 18.659381 1681.999091
178 18.795938 1700.795029
179 18.863000 1719.658029
180 19.003719 1738.661748
181 19.072731 1757.734479
182 19.209926 1776.944405
183 19.289454 1796.233859
184 19.421705 1815.655564
185 19.494151 1835.149715
186 19.638003 1854.787718
187 19.706529 1874.494247
188 19.859157 1894.353404
189 19.923727 1914.277131
190 20.062407 1934.339538
191 20.130806 1954.470344
192 20.275956 1974.746300
193 20.351290 1995.097590
194 20.488963 2015.586553
195 20.557001 2036.143554
196 20.704235 2056.847789
197 20.763101 2077.610890
198 20.913827 2098.524717
199 20.984012 2119.508729
200 21.123387 2140.632116
201 21.188146 2161.820262
202 21.333915 2183.154177
203 21.395878 2204.550055
204 21.553365 2226.103420
205 21.612015 2247.715435
206 21.765022 2269.480457
207 21.830835 2291.311292
208 21.974053 2313.285345
209 22.038070 2335.323415
210 22.190557 2357.513972
211 22.252364 2379.766336
212 22.403785 2402.170121
213 22.468779 2424.638900
214 22.615291 2447.254191
215 22.677876 2469.932067
216 22.836770 2492.768837
217 22.890904 2515.659741
218 23.047862 2538.707603
219 23.108741 2561.816344
220 23.253093 2585.069437
221 23.320605 2608.390042
222 23.466308 2631.856350
223 23.531026 2655.387376
224 23.688155 2679.075531
225 23.742846 2702.818377
226 23.896235 2726.714612
227 23.955515 2750.670127
228 24.109510 2774.779637
229 24.165615 2798.945252
230 24.320252 2823.265504
231 24.384211 2847.649715
232 24.538884 2872.188599
233 24.601230 2896.789829
234 24.753419 2921.543248
235 24.809983 2946.353231
236 24.973643 2971.326874
237 25.024630 2996.351504
238 25.176199 3021.527703
239 25.233611 3046.761314
240 25.385958 3072.147272
241 25.446438 3097.593710
242 25.606357 3123.200067
243 28.399755 3151.599822
244 25.820989 3177.420811
245 25.878804 3203.299615
246 26.031204 3229.330819
247 26.089918 3255.420737
248 26.244657 3281.665394
249 26.303295 3307.968689
250 26.460560 3334.429249
251 26.516420 3360.945669
252 26.675524 3387.621193
253 26.734897 3414.356090
254 26.883905 3441.239995
255 26.946722 3468.186717
256 27.104986 3495.291703
257 27.161227 3522.452930
258 27.309037 3549.761967
259 27.365164 3577.127131
