# instance assign_to_us-mid2.pn
# Settings: Namespace(PN='../../../instances/hadoop/hadoop_extensions/us-mid2.pn', VDC='../../../instances/hadoop/hadoop_extensions/hadoop_4_2bw.vn', affinity=False, affinity_soft=False, allow_virtual_switches_in_switches=False, anti_affinity=False, assert_all_physical_edges=True, binary_search=True, bitblast_addition=False, bitblast_addition_shadow=False, bvwidth=1, configured=False, conflict_limit=0, debug=False, decide_opt_lits=True, directed_links=False, flush_pb_theory=False, force_virtual_switches=False, ignore_ram_constraints=False, ignore_storage_constraints=False, ijcai_settings=False, intrinsic_edge_constraints=False, intrinsic_edge_sets=True, large_res_opt=True, logfile=None, max_cores=8, max_ram=16, max_resource=None, max_storage=1, max_vms=4, min_cores=False, min_servers=True, monosat_defaults=False, opt_conflict_limit=0, opt_detect_sat=False, opt_time_limit=-1, output=None, popcount='BV', prop_assumps=False, refine_flow=True, remove_all_flow_cycles=False, remove_flow_cycles=False, remove_flow_cycles_python=False, repeat=True, rnd_restart=True, rnd_theory_freq=0.99, rnd_theory_order=False, separate_reach_constraints=False, static_flow_caps=True, theory_order_vsids=True, timelog='./timelogs/minserver/config_results_hadoop_us-mid2_4vm_2bw', tree_addition=True, use_cover_for_refinement=True, use_min_cost_max_flow=False, vsids_balance=1, vsids_both=True)
init 5.060495 5.060495
1 3.387038 8.447533
2 1.500553 9.948086
3 1.811321 11.759407
4 2.103717 13.863124
5 2.419889 16.283013
6 2.720631 19.003644
7 3.108927 22.112571
8 3.341631 25.454202
9 3.641459 29.095661
10 3.950887 33.046548
11 4.292276 37.338824
12 4.571396 41.910220
13 4.869404 46.779624
14 5.189527 51.969151
15 5.492907 57.462058
16 5.851515 63.313573
17 6.107344 69.420917
18 6.422695 75.843612
19 6.722483 82.566095
20 7.043959 89.610054
21 7.315434 96.925488
22 7.637534 104.563022
23 7.986109 112.549131
24 8.336997 120.886128
25 8.597560 129.483688
26 8.895446 138.379134
27 9.178510 147.557644
28 9.499454 157.057098
29 9.794298 166.851396
30 10.124356 176.975752
31 10.415188 187.390940
32 10.739490 198.130430
33 11.027170 209.157600
34 11.518203 220.675803
35 11.646764 232.322567
36 11.983867 244.306434
37 12.724575 257.031009
38 12.754653 269.785662
39 13.048236 282.833898
40 13.429923 296.263821
41 13.706199 309.970020
42 14.034098 324.004118
43 14.315383 338.319501
44 14.659280 352.978781
45 14.996519 367.975300
46 15.237915 383.213215
47 15.551473 398.764688
48 15.926089 414.690777
49 16.244162 430.934939
50 16.317349 447.252288
51 16.583984 463.836272
52 16.904407 480.740679
53 17.175762 497.916441
54 17.504025 515.420466
55 17.903448 533.323914
56 18.094750 551.418664
57 18.408497 569.827161
58 18.710643 588.537804
59 18.976061 607.513865
60 19.437247 626.951112
61 19.950575 646.901687
62 20.406550 667.308237
63 20.800140 688.108377
64 21.128240 709.236617
65 21.410469 730.647086
66 21.767182 752.414268
67 22.044993 774.459261
68 22.443361 796.902622
69 22.719212 819.621834
70 23.258608 842.880442
71 23.000276 865.880718
72 23.490492 889.371210
73 23.469161 912.840371
74 23.727843 936.568214
75 24.173872 960.742086
76 24.848710 985.590796
77 24.847745 1010.438541
78 25.090324 1035.528865
79 25.967174 1061.496039
80 26.290393 1087.786432
81 26.602330 1114.388762
82 27.016973 1141.405735
83 27.234527 1168.640262
84 27.705035 1196.345297
85 27.874366 1224.219663
86 28.255348 1252.475011
87 28.754944 1281.229955
88 87.609968 1368.839923
89 83.841992 1452.681915
90 85.285100 1537.967015
91 85.187854 1623.154869
92 86.936741 1710.091610
93 86.987022 1797.078632
94 89.752273 1886.830905
95 89.506194 1976.337099
96 90.517026 2066.854125
97 90.684242 2157.538367
98 94.073192 2251.611559
99 94.188140 2345.799699
100 98.811527 2444.611226
101 96.839763 2541.450989
102 97.425411 2638.876400
103 97.920377 2736.796777
104 99.010762 2835.807539
105 99.890038 2935.697577
106 100.929273 3036.626850
107 101.788515 3138.415365
108 102.450320 3240.865685
109 103.200969 3344.066654
110 104.402280 3448.468934
111 104.971026 3553.439960
