# instance assign_to_us-mid1.pn
# Settings: Namespace(PN='../../../instances/hadoop/hadoop_extensions/us-mid1.pn', VDC='../../../instances/hadoop/hadoop_extensions/hadoop_4_1bw.vn', affinity=False, affinity_soft=False, allow_virtual_switches_in_switches=False, anti_affinity=False, assert_all_physical_edges=True, binary_search=True, bitblast_addition=False, bitblast_addition_shadow=False, bvwidth=1, configured=False, conflict_limit=0, debug=False, decide_opt_lits=True, directed_links=False, flush_pb_theory=False, force_virtual_switches=False, ignore_ram_constraints=False, ignore_storage_constraints=False, ijcai_settings=False, intrinsic_edge_constraints=False, intrinsic_edge_sets=True, large_res_opt=True, logfile=None, max_cores=8, max_ram=16, max_resource=None, max_storage=1, max_vms=4, min_cores=False, min_servers=True, monosat_defaults=False, opt_conflict_limit=0, opt_detect_sat=False, opt_time_limit=-1, output=None, popcount='BV', prop_assumps=False, refine_flow=True, remove_all_flow_cycles=False, remove_flow_cycles=False, remove_flow_cycles_python=False, repeat=True, rnd_restart=True, rnd_theory_freq=0.99, rnd_theory_order=False, separate_reach_constraints=False, static_flow_caps=True, theory_order_vsids=True, timelog='./timelogs/minserver/config_results_hadoop_us-mid1_4vm_1bw', tree_addition=True, use_cover_for_refinement=True, use_min_cost_max_flow=False, vsids_balance=1, vsids_both=True)
init 2.434919 2.434919
1 1.578643 4.013562
2 0.707802 4.721364
3 0.860947 5.582311
4 0.993825 6.576136
5 1.141285 7.717421
6 1.288432 9.005853
7 1.429720 10.435573
8 1.588226 12.023799
9 1.719647 13.743446
10 1.868357 15.611803
11 2.028526 17.640329
12 2.159526 19.799855
13 2.305153 22.105008
14 2.461106 24.566114
15 2.599709 27.165823
16 2.748442 29.914265
17 2.918984 32.833249
18 3.037680 35.870929
19 3.178334 39.049263
20 3.335374 42.384637
21 3.481825 45.866462
22 3.624387 49.490849
23 3.751607 53.242456
24 3.945499 57.187955
25 4.055508 61.243463
26 4.191297 65.434760
27 4.360356 69.795116
28 4.505325 74.300441
29 4.660584 78.961025
30 4.802380 83.763405
31 4.923229 88.686634
32 5.098280 93.784914
33 5.252493 99.037407
34 5.385215 104.422622
35 5.638289 110.060911
36 5.682894 115.743805
37 5.838586 121.582391
38 5.976707 127.559098
39 6.139101 133.698199
40 6.272102 139.970301
41 6.434919 146.405220
42 6.566646 152.971866
43 6.727802 159.699668
44 6.867769 166.567437
45 7.031188 173.598625
46 7.172761 180.771386
47 7.328359 188.099745
48 7.466682 195.566427
49 7.563446 203.129873
50 7.943807 211.073680
51 7.881841 218.955521
52 8.061258 227.016779
53 8.229468 235.246247
54 8.365857 243.612104
55 8.528385 252.140489
56 8.667807 260.808296
57 8.814720 269.623016
58 8.947503 278.570519
59 9.055557 287.626076
60 9.218814 296.844890
61 9.396468 306.241358
62 9.521462 315.762820
63 9.690780 325.453600
64 9.788670 335.242270
65 9.932323 345.174593
66 10.109110 355.283703
67 10.267896 365.551599
68 10.485104 376.036703
69 10.639157 386.675860
70 10.776384 397.452244
71 10.943512 408.395756
72 11.465245 419.861001
73 11.230688 431.091689
74 11.404623 442.496312
75 11.527063 454.023375
76 11.696576 465.719951
77 11.827193 477.547144
78 12.005179 489.552323
79 12.140756 501.693079
80 12.309187 514.002266
81 12.444286 526.446552
82 12.610417 539.056969
83 12.747617 551.804586
84 12.914482 564.719068
85 13.097399 577.816467
86 13.220047 591.036514
87 13.406643 604.443157
88 13.514502 617.957659
89 13.697969 631.655628
90 13.822652 645.478280
91 13.999637 659.477917
92 14.173739 673.651656
93 14.336560 687.988216
94 14.435820 702.424036
95 14.639437 717.063473
96 14.762345 731.825818
97 14.925028 746.750846
98 15.097954 761.848800
99 15.256232 777.105032
100 15.405772 792.510804
101 15.536334 808.047138
102 15.703359 823.750497
103 16.538839 840.289336
104 16.009476 856.298812
105 16.130819 872.429631
106 16.315275 888.744906
107 16.462070 905.206976
108 16.660966 921.867942
109 16.783817 938.651759
110 16.953519 955.605278
111 17.066612 972.671890
112 17.256329 989.928219
113 17.356026 1007.284245
114 17.531079 1024.815324
115 17.687908 1042.503232
116 17.868087 1060.371319
117 18.154008 1078.525327
118 18.320172 1096.845499
119 18.449221 1115.294720
120 18.611860 1133.906580
121 18.759585 1152.666165
122 18.960957 1171.627122
123 19.018179 1190.645301
124 19.386232 1210.031533
125 19.396241 1229.427774
126 19.562402 1248.990176
127 19.685291 1268.675467
128 19.875762 1288.551229
129 20.190048 1308.741277
130 20.278589 1329.019866
131 20.526836 1349.546702
132 20.626126 1370.172828
133 20.833792 1391.006620
134 20.945308 1411.951928
135 21.061021 1433.012949
136 21.232045 1454.244994
137 21.428850 1475.673844
138 21.534983 1497.208827
139 21.729782 1518.938609
140 21.719540 1540.658149
141 22.001674 1562.659823
142 22.289974 1584.949797
143 22.409224 1607.359021
144 22.612636 1629.971657
145 22.192914 1652.164571
146 24.180533 1676.345104
147 22.898703 1699.243807
148 23.111882 1722.355689
149 23.262865 1745.618554
150 23.462666 1769.081220
151 23.694215 1792.775435
152 23.908569 1816.684004
153 24.047437 1840.731441
154 24.249329 1864.980770
155 24.093519 1889.074289
156 23.936328 1913.010617
157 24.643339 1937.653956
158 24.752191 1962.406147
159 24.956220 1987.362367
160 25.060625 2012.422992
161 25.083948 2037.506940
162 25.300840 2062.807780
163 25.497801 2088.305581
164 25.629301 2113.934882
165 26.061020 2139.995902
166 26.181632 2166.177534
167 26.385727 2192.563261
168 26.503585 2219.066846
169 26.711974 2245.778820
170 26.526054 2272.304874
171 26.298065 2298.602939
172 26.404426 2325.007365
173 26.602875 2351.610240
174 27.306740 2378.916980
175 27.661117 2406.578097
176 27.854397 2434.432494
177 27.969808 2462.402302
178 28.232754 2490.635056
179 28.208612 2518.843668
180 28.321385 2547.165053
181 28.566211 2575.731264
182 28.840090 2604.571354
183 28.893942 2633.465296
184 29.076056 2662.541352
185 29.246948 2691.788300
186 29.340776 2721.129076
187 29.517063 2750.646139
188 29.736684 2780.382823
189 29.823069 2810.205892
190 30.190488 2840.396380
191 30.421452 2870.817832
192 30.633351 2901.451183
193 29.903855 2931.355038
194 30.975264 2962.330302
195 31.101374 2993.431676
196 31.349370 3024.781046
197 31.454153 3056.235199
198 31.619660 3087.854859
199 31.380502 3119.235361
200 32.004887 3151.240248
201 32.116793 3183.357041
202 32.335043 3215.692084
203 32.424075 3248.116159
204 32.680726 3280.796885
205 32.789108 3313.585993
206 32.676581 3346.262574
207 35.551065 3381.813639
208 33.090016 3414.903655
209 33.188811 3448.092466
210 33.419816 3481.512282
211 33.516200 3515.028482
212 33.661035 3548.689517
213 33.258806 3581.948323
