# instance assign_to_us-west1.pn
# Settings: Namespace(PN='../../../instances/hadoop/hadoop_extensions/us-west1.pn', VDC='../../../instances/hadoop/hadoop_extensions/hadoop_4_1bw.vn', affinity=False, affinity_soft=False, allow_virtual_switches_in_switches=False, anti_affinity=False, assert_all_physical_edges=True, binary_search=True, bitblast_addition=False, bitblast_addition_shadow=False, bvwidth=1, configured=False, conflict_limit=0, debug=False, decide_opt_lits=True, directed_links=False, flush_pb_theory=False, force_virtual_switches=False, ignore_ram_constraints=False, ignore_storage_constraints=False, ijcai_settings=False, intrinsic_edge_constraints=False, intrinsic_edge_sets=True, large_res_opt=True, logfile=None, max_cores=8, max_ram=16, max_resource=None, max_storage=1, max_vms=4, min_cores=False, min_servers=True, monosat_defaults=False, opt_conflict_limit=0, opt_detect_sat=False, opt_time_limit=-1, output=None, popcount='BV', prop_assumps=False, refine_flow=True, remove_all_flow_cycles=False, remove_flow_cycles=False, remove_flow_cycles_python=False, repeat=True, rnd_restart=True, rnd_theory_freq=0.99, rnd_theory_order=False, separate_reach_constraints=False, static_flow_caps=True, theory_order_vsids=True, timelog='./timelogs/minserver/config_results_hadoop_us-west1_4vm_1bw', tree_addition=True, use_cover_for_refinement=True, use_min_cost_max_flow=False, vsids_balance=1, vsids_both=True)
init 7.872204 7.872204
1 5.307012 13.179216
2 2.383468 15.562684
3 2.826760 18.389444
4 3.250710 21.640154
5 3.713215 25.353369
6 4.209186 29.562555
7 4.676104 34.238659
8 5.154109 39.392768
9 5.666418 45.059186
10 6.103758 51.162944
11 6.593624 57.756568
12 7.080630 64.837198
13 7.578104 72.415302
14 8.029432 80.444734
15 8.561530 89.006264
16 8.995353 98.001617
17 9.435912 107.437529
18 9.946831 117.384360
19 10.497585 127.881945
20 10.892731 138.774676
21 11.367687 150.142363
22 11.895857 162.038220
23 12.351313 174.389533
24 12.849981 187.239514
25 13.327497 200.567011
26 13.820069 214.387080
27 14.278707 228.665787
28 15.024991 243.690778
29 15.262093 258.952871
30 15.752091 274.704962
31 16.209994 290.914956
32 16.724893 307.639849
33 17.172645 324.812494
34 17.690001 342.502495
35 18.142428 360.644923
36 18.653509 379.298432
37 19.103682 398.402114
38 19.625679 418.027793
39 20.149818 438.177611
40 20.943244 459.120855
41 21.023308 480.144163
42 21.535384 501.679547
43 21.977137 523.656684
44 22.502766 546.159450
45 22.942171 569.101621
46 23.553072 592.654693
47 24.033255 616.687948
48 24.404425 641.092373
49 24.956519 666.048892
50 25.457648 691.506540
51 25.935775 717.442315
52 26.356459 743.798774
53 26.891054 770.689828
54 27.332417 798.022245
55 27.876243 825.898488
56 28.285514 854.184002
57 29.508001 883.692003
58 29.299453 912.991456
59 29.836793 942.828249
60 30.238966 973.067215
61 30.782074 1003.849289
62 31.292946 1035.142235
63 31.733714 1066.875949
64 32.343634 1099.219583
65 32.694269 1131.913852
66 33.245412 1165.159264
67 33.658173 1198.817437
68 34.232765 1233.050202
69 34.646262 1267.696464
70 35.186298 1302.882762
71 35.639516 1338.522278
72 36.252270 1374.774548
73 36.612158 1411.386706
74 37.221266 1448.607972
75 37.604345 1486.212317
76 38.158923 1524.371240
77 38.660779 1563.032019
78 39.132368 1602.164387
79 39.569223 1641.733610
80 40.106215 1681.839825
81 40.572753 1722.412578
82 42.543402 1764.955980
83 41.496878 1806.452858
84 42.279877 1848.732735
85 42.640685 1891.373420
86 43.209416 1934.582836
87 43.559088 1978.141924
88 44.148029 2022.289953
89 44.574405 2066.864358
90 45.139721 2112.004079
91 45.617084 2157.621163
92 46.424392 2204.045555
93 46.753755 2250.799310
94 47.160591 2297.959901
95 47.736386 2345.696287
96 48.119253 2393.815540
97 48.724240 2442.539780
98 48.943776 2491.483556
99 49.731095 2541.214651
100 50.134174 2591.348825
101 50.743026 2642.091851
102 51.121934 2693.213785
103 51.691267 2744.905052
104 52.096871 2797.001923
105 52.758303 2849.760226
106 53.077825 2902.838051
107 53.835607 2956.673658
108 54.242600 3010.916258
109 54.712609 3065.628867
110 55.074521 3120.703388
111 55.712239 3176.415627
112 56.274149 3232.689776
113 56.699586 3289.389362
114 57.111873 3346.501235
115 57.749463 3404.250698
116 60.912715 3465.163413
117 58.800102 3523.963515
118 59.195994 3583.159509
