# instance assign_to_us-west2.pn
# Settings: Namespace(PN='../../../instances/hadoop/hadoop_extensions/us-west2.pn', VDC='../../../instances/hadoop/hadoop_extensions/hadoop_4_1bw.vn', affinity=False, affinity_soft=False, allow_virtual_switches_in_switches=False, anti_affinity=False, assert_all_physical_edges=True, binary_search=True, bitblast_addition=False, bitblast_addition_shadow=False, bvwidth=1, configured=False, conflict_limit=0, debug=False, decide_opt_lits=True, directed_links=False, flush_pb_theory=False, force_virtual_switches=False, ignore_ram_constraints=False, ignore_storage_constraints=False, ijcai_settings=False, intrinsic_edge_constraints=False, intrinsic_edge_sets=True, large_res_opt=True, logfile=None, max_cores=8, max_ram=16, max_resource=None, max_storage=1, max_vms=4, min_cores=False, min_servers=True, monosat_defaults=False, opt_conflict_limit=0, opt_detect_sat=False, opt_time_limit=-1, output=None, popcount='BV', prop_assumps=False, refine_flow=True, remove_all_flow_cycles=False, remove_flow_cycles=False, remove_flow_cycles_python=False, repeat=True, rnd_restart=True, rnd_theory_freq=0.99, rnd_theory_order=False, separate_reach_constraints=False, static_flow_caps=True, theory_order_vsids=True, timelog='./timelogs/minserver/config_results_hadoop_us-west2_4vm_1bw', tree_addition=True, use_cover_for_refinement=True, use_min_cost_max_flow=False, vsids_balance=1, vsids_both=True)
init 1.798256 1.798256
1 1.107267 2.905523
2 0.500683 3.406206
3 0.604275 4.010481
4 0.702154 4.712635
5 0.804466 5.517101
6 0.909650 6.426751
7 1.009056 7.435807
8 1.111436 8.547243
9 1.248106 9.795349
10 1.317827 11.113176
11 1.419401 12.532577
12 1.526002 14.058579
13 1.635161 15.693740
14 1.730996 17.424736
15 1.831646 19.256382
16 1.939124 21.195506
17 2.039332 23.234838
18 2.151213 25.386051
19 2.245463 27.631514
20 2.375526 30.007040
21 2.450997 32.458037
22 2.557573 35.015610
23 2.664759 37.680369
24 2.766477 40.446846
25 2.873227 43.320073
26 2.978389 46.298462
27 3.078914 49.377376
28 3.188057 52.565433
29 3.326905 55.892338
30 3.394249 59.286587
31 3.490625 62.777212
32 3.601913 66.379125
33 3.698626 70.077751
34 3.810992 73.888743
35 3.912521 77.801264
36 4.016412 81.817676
37 4.119981 85.937657
38 4.229133 90.166790
39 4.327249 94.494039
40 4.450689 98.944728
41 4.629381 103.574109
42 4.660619 108.234728
43 4.762132 112.996860
44 4.872419 117.869279
45 4.981471 122.850750
46 5.087872 127.938622
47 5.208632 133.147254
48 5.287001 138.434255
49 5.398624 143.832879
50 5.532730 149.365609
51 5.615320 154.980929
52 5.727131 160.708060
53 5.829035 166.537095
54 5.947891 172.484986
55 6.038144 178.523130
56 6.157770 184.680900
57 6.254243 190.935143
58 6.365188 197.300331
59 6.629646 203.929977
60 6.576324 210.506301
61 6.676009 217.182310
62 6.791811 223.974121
63 6.896451 230.870572
64 7.035210 237.905782
65 7.127280 245.033062
66 7.247311 252.280373
67 7.307940 259.588313
68 7.386786 266.975099
69 7.501826 274.476925
70 7.658371 282.135296
71 7.781555 289.916851
72 7.906754 297.823605
73 8.008924 305.832529
74 8.140679 313.973208
75 8.253129 322.226337
76 8.349990 330.576327
77 8.486212 339.062539
78 8.579781 347.642320
79 8.700529 356.342849
80 8.798291 365.141140
81 8.909260 374.050400
82 9.026590 383.076990
83 9.115771 392.192761
84 9.245909 401.438670
85 9.664727 411.103397
86 9.449312 420.552709
87 9.552009 430.104718
88 9.655508 439.760226
89 9.780109 449.540335
90 9.907539 459.447874
91 10.000840 469.448714
92 10.139522 479.588236
93 10.215670 489.803906
94 10.340723 500.144629
95 10.430576 510.575205
96 10.573611 521.148816
97 10.665740 531.814556
98 10.789818 542.604374
99 10.887076 553.491450
100 11.006380 564.497830
101 11.095788 575.593618
102 11.204461 586.798079
103 11.304727 598.102806
104 11.419868 609.522674
105 11.538700 621.061374
106 11.658678 632.720052
107 11.786298 644.506350
108 11.871428 656.377778
109 11.989211 668.366989
110 12.082433 680.449422
111 12.207897 692.657319
112 12.302490 704.959809
113 12.436756 717.396565
114 12.520854 729.917419
115 12.652464 742.569883
116 12.744611 755.314494
117 12.892408 768.206902
118 12.981337 781.188239
119 13.113595 794.301834
120 13.865488 808.167322
121 13.423533 821.590855
122 13.518304 835.109159
123 13.648677 848.757836
124 13.725390 862.483226
125 13.858158 876.341384
126 13.951263 890.292647
127 14.070100 904.362747
128 14.164900 918.527647
129 14.238905 932.766552
130 14.353983 947.120535
131 14.448537 961.569072
132 14.592403 976.161475
133 14.794330 990.955805
134 14.835061 1005.790866
135 14.949762 1020.740628
136 15.081950 1035.822578
137 15.193202 1051.015780
138 15.327344 1066.343124
139 15.421528 1081.764652
140 15.563025 1097.327677
141 15.608458 1112.936135
142 15.739804 1128.675939
143 15.865209 1144.541148
144 16.025144 1160.566292
145 16.143417 1176.709709
146 16.265905 1192.975614
147 16.356234 1209.331848
148 16.449773 1225.781621
149 16.540086 1242.321707
150 16.687217 1259.008924
151 16.803516 1275.812440
152 16.965415 1292.777855
153 17.057518 1309.835373
154 17.141276 1326.976649
155 17.280438 1344.257087
156 17.364207 1361.621294
157 17.516548 1379.137842
158 17.610769 1396.748611
159 17.736579 1414.485190
160 17.868033 1432.353223
161 17.974538 1450.327761
162 18.098550 1468.426311
163 18.189812 1486.616123
164 18.345945 1504.962068
165 18.427623 1523.389691
166 18.573280 1541.962971
167 18.672376 1560.635347
168 18.775061 1579.410408
169 18.896790 1598.307198
170 18.975376 1617.282574
171 20.399896 1637.682470
172 19.266138 1656.948608
173 19.400989 1676.349597
174 19.471318 1695.820915
175 19.602162 1715.423077
176 19.746720 1735.169797
177 19.840792 1755.010589
178 19.966110 1774.976699
179 20.031945 1795.008644
180 20.144488 1815.153132
181 20.302472 1835.455604
182 20.400012 1855.855616
183 20.518685 1876.374301
184 20.600967 1896.975268
185 20.720118 1917.695386
186 20.882994 1938.578380
187 20.955656 1959.534036
188 21.108767 1980.642803
189 21.177522 2001.820325
190 21.380831 2023.201156
191 21.771677 2044.972833
192 21.867436 2066.840269
193 21.796344 2088.636613
194 21.724630 2110.361243
195 21.750845 2132.112088
196 21.914141 2154.026229
197 21.998728 2176.024957
198 22.147233 2198.172190
199 22.184215 2220.356405
200 22.400219 2242.756624
201 22.474930 2265.231554
202 22.612497 2287.844051
203 22.684044 2310.528095
204 22.842156 2333.370251
205 22.925021 2356.295272
206 22.978627 2379.273899
207 23.040481 2402.314380
208 23.200780 2425.515160
209 23.276168 2448.791328
210 23.408063 2472.199391
211 23.596599 2495.795990
212 23.739749 2519.535739
213 23.884919 2543.420658
214 23.968897 2567.389555
215 24.039264 2591.428819
216 24.196384 2615.625203
217 24.273713 2639.898916
218 25.165578 2665.064494
219 25.315763 2690.380257
220 24.987890 2715.368147
221 25.103604 2740.471751
222 25.232007 2765.703758
223 25.249426 2790.953184
224 25.886700 2816.839884
225 26.038460 2842.878344
226 26.117479 2868.995823
227 25.717697 2894.713520
228 25.834477 2920.547997
229 25.909278 2946.457275
230 26.655182 2973.112457
231 26.755768 2999.868225
232 26.914559 3026.782784
233 27.018351 3053.801135
234 26.611733 3080.412868
235 26.537575 3106.950443
236 27.031934 3133.982377
237 52.546942 3186.529319
238 52.003771 3238.533090
239 52.110449 3290.643539
240 52.433732 3343.077271
241 52.553328 3395.630599
242 52.545488 3448.176087
243 55.815123 3503.991210
244 53.527424 3557.518634
