# instance assign_to_us-west1.pn
# Settings: Namespace(PN='../../../instances/hadoop/hadoop_extensions/us-west1.pn', VDC='../../../instances/hadoop/hadoop_extensions/hadoop_4_2bw.vn', affinity=False, affinity_soft=False, allow_virtual_switches_in_switches=False, anti_affinity=False, assert_all_physical_edges=True, binary_search=True, bitblast_addition=False, bitblast_addition_shadow=False, bvwidth=1, configured=False, conflict_limit=0, debug=False, decide_opt_lits=True, directed_links=False, flush_pb_theory=False, force_virtual_switches=False, ignore_ram_constraints=False, ignore_storage_constraints=False, ijcai_settings=False, intrinsic_edge_constraints=False, intrinsic_edge_sets=True, large_res_opt=True, logfile=None, max_cores=8, max_ram=16, max_resource=None, max_storage=1, max_vms=4, min_cores=False, min_servers=True, monosat_defaults=False, opt_conflict_limit=0, opt_detect_sat=False, opt_time_limit=-1, output=None, popcount='BV', prop_assumps=False, refine_flow=True, remove_all_flow_cycles=False, remove_flow_cycles=False, remove_flow_cycles_python=False, repeat=True, rnd_restart=True, rnd_theory_freq=0.99, rnd_theory_order=False, separate_reach_constraints=False, static_flow_caps=True, theory_order_vsids=True, timelog='./timelogs/minserver/config_results_hadoop_us-west1_4vm_2bw', tree_addition=True, use_cover_for_refinement=True, use_min_cost_max_flow=False, vsids_balance=1, vsids_both=True)
init 7.804950 7.804950
1 5.302008 13.106958
2 2.389637 15.496595
3 2.833519 18.330114
4 3.254935 21.585049
5 3.714636 25.299685
6 4.218981 29.518666
7 4.682253 34.200919
8 5.159223 39.360142
9 5.685944 45.046086
10 6.287655 51.333741
11 6.603082 57.936823
12 7.093220 65.030043
13 7.598580 72.628623
14 8.046041 80.674664
15 8.581576 89.256240
16 8.993369 98.249609
17 9.480966 107.730575
18 9.969353 117.699928
19 10.525671 128.225599
20 10.928954 139.154553
21 11.394489 150.549042
22 11.888458 162.437500
23 12.581769 175.019269
24 13.160883 188.180152
25 13.384801 201.564953
26 13.898459 215.463412
27 14.345506 229.808918
28 15.093094 244.902012
29 15.315424 260.217436
30 15.929618 276.147054
31 16.304313 292.451367
32 16.889914 309.341281
33 17.306916 326.648197
34 17.752627 344.400824
35 18.285911 362.686735
36 18.769823 381.456558
37 19.235081 400.691639
38 19.740149 420.431788
39 20.274611 440.706399
40 20.998297 461.704696
41 21.155825 482.860521
42 21.549312 504.409833
43 22.078382 526.488215
44 22.522787 549.011002
45 23.108428 572.119430
46 23.544999 595.664429
47 24.135238 619.799667
48 24.861780 644.661447
49 25.107871 669.769318
50 25.619806 695.389124
51 26.342973 721.732097
52 26.082841 747.814938
53 27.034524 774.849462
54 27.701685 802.551147
55 27.967824 830.518971
56 28.520833 859.039804
57 29.660566 888.700370
58 29.499326 918.199696
59 29.995740 948.195436
60 30.449916 978.645352
61 31.076946 1009.722298
62 31.581811 1041.304109
63 32.011044 1073.315153
64 32.581909 1105.897062
65 33.092744 1138.989806
66 119.643805 1258.633611
67 119.826645 1378.460256
68 122.032111 1500.492367
69 122.995665 1623.488032
70 125.013855 1748.501887
71 125.624456 1874.126343
72 127.458098 2001.584441
73 129.633744 2131.218185
74 131.382940 2262.601125
75 134.200469 2396.801594
76 134.614648 2531.416242
77 136.492466 2667.908708
78 138.229119 2806.137827
79 140.503245 2946.641072
80 142.266496 3088.907568
81 146.044942 3234.952510
82 147.447957 3382.400467
83 148.273674 3530.674141
