# instance assign_to_us-mid2.pn
# Settings: Namespace(PN='../../../instances/hadoop/hadoop_extensions/us-mid2.pn', VDC='../../../instances/hadoop/hadoop_extensions/hadoop_4_1bw.vn', affinity=False, affinity_soft=False, allow_virtual_switches_in_switches=False, anti_affinity=False, assert_all_physical_edges=True, binary_search=True, bitblast_addition=False, bitblast_addition_shadow=False, bvwidth=1, configured=False, conflict_limit=0, debug=False, decide_opt_lits=True, directed_links=False, flush_pb_theory=False, force_virtual_switches=False, ignore_ram_constraints=False, ignore_storage_constraints=False, ijcai_settings=False, intrinsic_edge_constraints=False, intrinsic_edge_sets=True, large_res_opt=True, logfile=None, max_cores=8, max_ram=16, max_resource=None, max_storage=1, max_vms=4, min_cores=False, min_servers=True, monosat_defaults=False, opt_conflict_limit=0, opt_detect_sat=False, opt_time_limit=-1, output=None, popcount='BV', prop_assumps=False, refine_flow=True, remove_all_flow_cycles=False, remove_flow_cycles=False, remove_flow_cycles_python=False, repeat=True, rnd_restart=True, rnd_theory_freq=0.99, rnd_theory_order=False, separate_reach_constraints=False, static_flow_caps=True, theory_order_vsids=True, timelog='./timelogs/minserver/config_results_hadoop_us-mid2_4vm_1bw', tree_addition=True, use_cover_for_refinement=True, use_min_cost_max_flow=False, vsids_balance=1, vsids_both=True)
init 5.093324 5.093324
1 3.405493 8.498817
2 1.510502 10.009319
3 1.826359 11.835678
4 2.117868 13.953546
5 2.430192 16.383738
6 2.736675 19.120413
7 3.107221 22.227634
8 3.355060 25.582694
9 3.660883 29.243577
10 3.974167 33.217744
11 4.315261 37.533005
12 4.594566 42.127571
13 4.895713 47.023284
14 5.214906 52.238190
15 5.516015 57.754205
16 5.881707 63.635912
17 6.135180 69.771092
18 6.450768 76.221860
19 6.750789 82.972649
20 7.068640 90.041289
21 7.370372 97.411661
22 7.718077 105.129738
23 8.075561 113.205299
24 8.424536 121.629835
25 8.651279 130.281114
26 8.955821 139.236935
27 9.269472 148.506407
28 9.586673 158.093080
29 9.885682 167.978762
30 10.208226 178.186988
31 10.504251 188.691239
32 10.842031 199.533270
33 11.134201 210.667471
34 11.649948 222.317419
35 11.781774 234.099193
36 12.114781 246.213974
37 12.396062 258.610036
38 12.735155 271.345191
39 13.031811 284.377002
40 13.363070 297.740072
41 13.656577 311.396649
42 14.008555 325.405204
43 14.316710 339.721914
44 14.611088 354.333002
45 14.976732 369.309734
46 15.256633 384.566367
47 15.607089 400.173456
48 15.877678 416.051134
49 16.577376 432.628510
50 16.512485 449.140995
51 16.856454 465.997449
52 17.145585 483.143034
53 17.494621 500.637655
54 17.782262 518.419917
55 18.130234 536.550151
56 18.470027 555.020178
57 18.691052 573.711230
58 19.035371 592.746601
59 19.307578 612.054179
60 19.796181 631.850360
61 20.011248 651.861608
62 20.373569 672.235177
63 20.646137 692.881314
64 20.992900 713.874214
65 21.278939 735.153153
66 21.632090 756.785243
67 21.906437 778.691680
68 22.277295 800.968975
69 22.478983 823.447958
70 23.573589 847.021547
71 23.119543 870.141090
72 23.496944 893.638034
73 23.768810 917.406844
74 24.126012 941.532856
75 24.471391 966.004247
76 24.768891 990.773138
77 25.068443 1015.841581
78 25.425147 1041.266728
79 25.676061 1066.942789
80 26.097191 1093.039980
81 26.474067 1119.514047
82 26.846285 1146.360332
83 27.104483 1173.464815
84 27.500781 1200.965596
85 27.751705 1228.717301
86 28.112046 1256.829347
87 28.394968 1285.224315
88 28.777785 1314.002100
89 29.123018 1343.125118
90 29.361966 1372.487084
91 29.736019 1402.223103
92 30.002389 1432.225492
93 30.377987 1462.603479
94 30.658039 1493.261518
95 31.047430 1524.308948
96 31.281908 1555.590856
97 31.699949 1587.290805
98 31.947717 1619.238522
99 32.345217 1651.583739
100 33.952321 1685.536060
101 32.941427 1718.477487
102 33.230286 1751.707773
103 33.705503 1785.413276
104 33.909197 1819.322473
105 34.200204 1853.522677
106 34.568336 1888.091013
107 35.097398 1923.188411
108 35.239162 1958.427573
109 35.652876 1994.080449
110 35.884577 2029.965026
111 36.300638 2066.265664
112 36.495516 2102.761180
113 36.860654 2139.621834
114 37.266480 2176.888314
115 37.727555 2214.615869
116 37.948727 2252.564596
117 38.296010 2290.860606
118 38.688752 2329.549358
119 38.999491 2368.548849
120 39.415940 2407.964789
121 39.663837 2447.628626
122 40.078429 2487.707055
123 40.330538 2528.037593
124 40.737600 2568.775193
125 40.989638 2609.764831
126 41.379054 2651.143885
127 41.644663 2692.788548
128 42.034954 2734.823502
129 42.308159 2777.131661
130 42.700431 2819.832092
131 42.961706 2862.793798
132 43.358461 2906.152259
133 43.606847 2949.759106
134 44.072286 2993.831392
135 44.258196 3038.089588
136 44.660232 3082.749820
137 44.917001 3127.666821
138 44.919396 3172.586217
139 44.966907 3217.553124
140 45.036356 3262.589480
141 45.453091 3308.042571
142 45.649958 3353.692529
143 48.817641 3402.510170
144 46.284071 3448.794241
145 46.643050 3495.437291
146 47.034415 3542.471706
147 48.360049 3590.831755
