# instance assign_to_us-mid1.pn
# Settings: Namespace(PN='../../../instances/hadoop/hadoop_extensions/us-mid1.pn', VDC='../../../instances/hadoop/hadoop_extensions/hadoop_4_2bw.vn', affinity=False, affinity_soft=False, allow_virtual_switches_in_switches=False, anti_affinity=False, assert_all_physical_edges=True, binary_search=True, bitblast_addition=False, bitblast_addition_shadow=False, bvwidth=1, configured=False, conflict_limit=0, debug=False, decide_opt_lits=True, directed_links=False, flush_pb_theory=False, force_virtual_switches=False, ignore_ram_constraints=False, ignore_storage_constraints=False, ijcai_settings=False, intrinsic_edge_constraints=False, intrinsic_edge_sets=True, large_res_opt=True, logfile=None, max_cores=8, max_ram=16, max_resource=None, max_storage=1, max_vms=4, min_cores=False, min_servers=True, monosat_defaults=False, opt_conflict_limit=0, opt_detect_sat=False, opt_time_limit=-1, output=None, popcount='BV', prop_assumps=False, refine_flow=True, remove_all_flow_cycles=False, remove_flow_cycles=False, remove_flow_cycles_python=False, repeat=True, rnd_restart=True, rnd_theory_freq=0.99, rnd_theory_order=False, separate_reach_constraints=False, static_flow_caps=True, theory_order_vsids=True, timelog='./timelogs/minserver/config_results_hadoop_us-mid1_4vm_2bw', tree_addition=True, use_cover_for_refinement=True, use_min_cost_max_flow=False, vsids_balance=1, vsids_both=True)
init 2.617074 2.617074
1 1.581742 4.198816
2 0.708953 4.907769
3 0.860016 5.767785
4 0.993654 6.761439
5 1.143705 7.905144
6 1.286858 9.192002
7 1.430354 10.622356
8 1.590874 12.213230
9 1.723705 13.936935
10 1.872320 15.809255
11 2.032913 17.842168
12 2.172325 20.014493
13 2.310513 22.325006
14 2.459400 24.784406
15 2.604600 27.389006
16 2.754169 30.143175
17 2.900652 33.043827
18 3.041354 36.085181
19 3.173524 39.258705
20 3.399372 42.658077
21 3.505975 46.164052
22 3.648750 49.812802
23 3.802621 53.615423
24 3.983502 57.598925
25 4.098312 61.697237
26 4.232925 65.930162
27 4.391140 70.321302
28 4.530171 74.851473
29 4.626174 79.477647
30 4.798520 84.276167
31 4.950101 89.226268
32 5.123858 94.350126
33 5.278075 99.628201
34 5.417250 105.045451
35 5.632076 110.677527
36 5.759251 116.436778
37 5.886108 122.322886
38 6.058516 128.381402
39 14.561513 142.942915
40 13.614923 156.557838
41 13.817951 170.375789
42 14.206654 184.582443
43 15.877380 200.459823
44 14.941868 215.401691
45 16.219990 231.621681
46 15.963304 247.584985
47 16.424574 264.009559
48 16.564221 280.573780
49 17.008731 297.582511
50 17.530429 315.112940
51 17.689858 332.802798
52 17.848082 350.650880
53 18.320239 368.971119
54 18.521381 387.492500
55 18.807845 406.300345
56 19.236131 425.536476
57 19.375110 444.911586
58 19.690220 464.601806
59 20.126121 484.727927
60 20.525276 505.253203
61 20.923654 526.176857
62 21.215300 547.392157
63 21.566972 568.959129
64 21.806077 590.765206
65 22.170375 612.935581
66 22.494724 635.430305
67 22.997926 658.428231
68 23.385719 681.813950
69 23.426141 705.240091
70 23.821536 729.061627
71 24.071151 753.132778
72 25.193663 778.326441
73 24.784026 803.110467
74 25.126119 828.236586
75 25.613491 853.850077
76 25.868488 879.718565
77 26.115225 905.833790
78 26.550771 932.384561
79 26.959705 959.344266
80 26.891348 986.235614
81 27.192236 1013.427850
82 27.536978 1040.964828
83 27.833082 1068.797910
84 28.213516 1097.011426
85 28.506537 1125.517963
86 28.768232 1154.286195
87 29.787165 1184.073360
88 30.082244 1214.155604
89 30.365639 1244.521243
90 30.673950 1275.195193
91 30.836907 1306.032100
92 31.325982 1337.358082
93 34.106958 1371.465040
94 32.598735 1404.063775
95 33.067760 1437.131535
96 33.105173 1470.236708
97 33.599878 1503.836586
98 33.770288 1537.606874
99 35.444904 1573.051778
100 37.221407 1610.273185
101 36.062116 1646.335301
102 36.158767 1682.494068
103 37.185631 1719.679699
104 36.841623 1756.521322
105 38.450771 1794.972093
106 38.010797 1832.982890
107 38.148132 1871.131022
108 38.539134 1909.670156
109 38.999780 1948.669936
110 39.216127 1987.886063
111 39.682864 2027.568927
112 40.723749 2068.292676
113 40.573753 2108.866429
114 41.043896 2149.910325
115 41.210687 2191.121012
116 41.537890 2232.658902
117 42.511301 2275.170203
118 42.398113 2317.568316
119 42.848969 2360.417285
120 42.929293 2403.346578
121 43.556834 2446.903412
122 43.721301 2490.624713
123 44.112629 2534.737342
124 44.606444 2579.343786
125 44.876343 2624.220129
126 45.203204 2669.423333
127 45.762338 2715.185671
128 45.959710 2761.145381
129 46.270571 2807.415952
130 46.780411 2854.196363
131 47.078813 2901.275176
132 47.437224 2948.712400
133 47.848750 2996.561150
134 48.221704 3044.782854
135 48.440235 3093.223089
136 48.724856 3141.947945
137 48.694126 3190.642071
138 49.067602 3239.709673
139 49.387049 3289.096722
140 49.813645 3338.910367
141 50.756062 3389.666429
142 51.301716 3440.968145
143 51.345564 3492.313709
144 52.212833 3544.526542
145 52.145903 3596.672445
