# instance assign_to_us-west2.pn
# Settings: Namespace(PN='../../../instances/hadoop/hadoop_extensions/us-west2.pn', VDC='../../../instances/hadoop/hadoop_extensions/hadoop_4_2bw.vn', affinity=False, affinity_soft=False, allow_virtual_switches_in_switches=False, anti_affinity=False, assert_all_physical_edges=True, binary_search=True, bitblast_addition=False, bitblast_addition_shadow=False, bvwidth=1, configured=False, conflict_limit=0, debug=False, decide_opt_lits=True, directed_links=False, flush_pb_theory=False, force_virtual_switches=False, ignore_ram_constraints=False, ignore_storage_constraints=False, ijcai_settings=False, intrinsic_edge_constraints=False, intrinsic_edge_sets=True, large_res_opt=True, logfile=None, max_cores=8, max_ram=16, max_resource=None, max_storage=1, max_vms=4, min_cores=False, min_servers=True, monosat_defaults=False, opt_conflict_limit=0, opt_detect_sat=False, opt_time_limit=-1, output=None, popcount='BV', prop_assumps=False, refine_flow=True, remove_all_flow_cycles=False, remove_flow_cycles=False, remove_flow_cycles_python=False, repeat=True, rnd_restart=True, rnd_theory_freq=0.99, rnd_theory_order=False, separate_reach_constraints=False, static_flow_caps=True, theory_order_vsids=True, timelog='./timelogs/minserver/config_results_hadoop_us-west2_4vm_2bw', tree_addition=True, use_cover_for_refinement=True, use_min_cost_max_flow=False, vsids_balance=1, vsids_both=True)
init 1.792070 1.792070
1 1.109910 2.901980
2 0.501596 3.403576
3 0.605613 4.009189
4 0.705199 4.714388
5 0.806874 5.521262
6 0.913993 6.435255
7 1.016332 7.451587
8 1.116832 8.568419
9 1.252023 9.820442
10 1.323392 11.143834
11 1.424849 12.568683
12 1.529117 14.097800
13 1.641337 15.739137
14 1.736010 17.475147
15 1.836124 19.311271
16 1.941993 21.253264
17 2.042562 23.295826
18 2.149330 25.445156
19 2.249948 27.695104
20 2.380011 30.075115
21 2.484025 32.559140
22 2.561878 35.121018
23 2.663345 37.784363
24 2.770608 40.554971
25 2.886113 43.441084
26 2.986429 46.427513
27 3.087057 49.514570
28 3.195436 52.710006
29 3.340234 56.050240
30 3.404367 59.454607
31 3.503471 62.958078
32 3.613976 66.572054
33 3.709414 70.281468
34 3.816579 74.098047
35 3.917400 78.015447
36 4.027189 82.042636
37 4.232898 86.275534
38 4.286258 90.561792
39 4.383742 94.945534
40 4.519279 99.464813
41 4.704441 104.169254
42 4.730071 108.899325
43 4.830299 113.729624
44 4.943873 118.673497
45 5.041241 123.714738
46 5.170450 128.885188
47 5.236118 134.121306
48 5.365097 139.486403
49 5.374404 144.860807
50 5.509609 150.370416
51 5.603711 155.974127
52 5.715790 161.689917
53 5.813236 167.503153
54 5.979477 173.482630
55 6.083497 179.566127
56 6.200742 185.766869
57 6.224994 191.991863
58 6.438949 198.430812
59 6.714090 205.144902
60 6.654510 211.799412
61 6.762875 218.562287
62 6.870348 225.432635
63 6.987713 232.420348
64 7.117900 239.538248
65 7.237636 246.775884
66 7.329755 254.105639
67 7.454267 261.559906
68 7.549304 269.109210
69 7.654009 276.763219
70 7.766743 284.529962
71 7.886200 292.416162
72 7.969949 300.386111
73 8.090022 308.476133
74 8.190212 316.666345
75 8.312340 324.978685
76 8.405451 333.384136
77 8.534088 341.918224
78 8.630399 350.548623
79 8.767392 359.316015
80 17.406890 376.722905
81 17.463131 394.186036
82 17.672932 411.858968
83 17.903259 429.762227
84 18.194872 447.957099
85 18.760179 466.717278
86 20.048857 486.766135
87 19.182801 505.948936
88 19.409071 525.358007
89 19.632634 544.990641
90 19.964593 564.955234
91 20.077395 585.032629
92 20.307749 605.340378
93 20.472660 625.813038
94 20.703435 646.516473
95 20.938005 667.454478
96 21.401670 688.856148
97 21.373113 710.229261
98 21.575015 731.804276
99 21.799286 753.603562
100 21.981902 775.585464
101 22.189357 797.774821
102 22.428350 820.203171
103 22.658834 842.862005
104 22.907378 865.769383
105 23.081083 888.850466
106 23.094658 911.945124
107 23.318486 935.263610
108 23.523849 958.787459
109 23.714361 982.501820
110 24.038547 1006.540367
111 24.367620 1030.907987
112 24.339124 1055.247111
113 24.529348 1079.776459
114 24.908998 1104.685457
115 25.113738 1129.799195
116 25.274433 1155.073628
117 25.576196 1180.649824
118 25.778044 1206.427868
119 25.963564 1232.391432
120 27.427521 1259.818953
121 26.790155 1286.609108
122 27.110676 1313.719784
123 27.281845 1341.001629
124 27.302184 1368.303813
125 27.651688 1395.955501
126 27.881674 1423.837175
127 28.066839 1451.904014
128 28.387802 1480.291816
129 28.552735 1508.844551
130 28.754658 1537.599209
131 28.999905 1566.599114
132 29.250061 1595.849175
133 29.449127 1625.298302
134 29.634513 1654.932815
135 30.091435 1685.024250
136 30.158532 1715.182782
137 30.349736 1745.532518
138 30.660887 1776.193405
139 30.822984 1807.016389
140 31.150721 1838.167110
141 31.435127 1869.602237
142 31.556822 1901.159059
143 31.452982 1932.612041
144 32.489121 1965.101162
145 32.455551 1997.556713
146 32.622736 2030.179449
147 32.947179 2063.126628
148 33.032546 2096.159174
149 33.412391 2129.571565
150 33.473172 2163.044737
151 33.807586 2196.852323
152 34.025529 2230.877852
153 34.052404 2264.930256
154 33.954287 2298.884543
155 34.217910 2333.102453
156 34.555064 2367.657517
157 34.998506 2402.656023
158 35.077495 2437.733518
159 35.300108 2473.033626
160 35.538406 2508.572032
161 35.731961 2544.303993
162 36.104119 2580.408112
163 36.184977 2616.593089
164 37.043113 2653.636202
165 36.753019 2690.389221
166 37.284942 2727.674163
167 37.343554 2765.017717
168 37.863284 2802.881001
169 38.064747 2840.945748
170 38.049299 2878.995047
171 39.680503 2918.675550
172 38.777196 2957.452746
173 38.908156 2996.360902
174 39.127064 3035.487966
175 39.303879 3074.791845
176 39.575237 3114.367082
177 39.791955 3154.159037
178 40.081906 3194.240943
179 40.372566 3234.613509
180 40.561883 3275.175392
181 40.767161 3315.942553
182 40.926666 3356.869219
183 41.207886 3398.077105
184 41.556310 3439.633415
185 41.574813 3481.208228
186 41.754507 3522.962735
187 42.107902 3565.070637
