429 428 400
0 400 20
1 400 20
2 400 20
3 400 20
4 400 20
5 400 20
6 400 20
7 400 20
8 400 20
9 400 20
10 400 20
11 400 20
12 400 20
13 400 20
14 401 20
15 401 20
16 401 20
17 401 20
18 401 20
19 401 20
20 401 20
21 401 20
22 401 20
23 401 20
24 401 20
25 401 20
26 401 20
27 401 20
28 402 20
29 402 20
30 402 20
31 402 20
32 402 20
33 402 20
34 402 20
35 402 20
36 402 20
37 402 20
38 402 20
39 402 20
40 402 20
41 402 20
42 403 20
43 403 20
44 403 20
45 403 20
46 403 20
47 403 20
48 403 20
49 403 20
50 403 20
51 403 20
52 403 20
53 403 20
54 403 20
55 403 20
56 404 20
57 404 20
58 404 20
59 404 20
60 404 20
61 404 20
62 404 20
63 404 20
64 404 20
65 404 20
66 404 20
67 404 20
68 404 20
69 404 20
70 405 20
71 405 20
72 405 20
73 405 20
74 405 20
75 405 20
76 405 20
77 405 20
78 405 20
79 405 20
80 405 20
81 405 20
82 405 20
83 405 20
84 406 20
85 406 20
86 406 20
87 406 20
88 406 20
89 406 20
90 406 20
91 406 20
92 406 20
93 406 20
94 406 20
95 406 20
96 406 20
97 406 20
98 407 20
99 407 20
100 407 20
101 407 20
102 407 20
103 407 20
104 407 20
105 407 20
106 407 20
107 407 20
108 407 20
109 407 20
110 407 20
111 407 20
112 408 20
113 408 20
114 408 20
115 408 20
116 408 20
117 408 20
118 408 20
119 408 20
120 408 20
121 408 20
122 408 20
123 408 20
124 408 20
125 408 20
126 409 20
127 409 20
128 409 20
129 409 20
130 409 20
131 409 20
132 409 20
133 409 20
134 409 20
135 409 20
136 409 20
137 409 20
138 409 20
139 409 20
140 410 20
141 410 20
142 410 20
143 410 20
144 410 20
145 410 20
146 410 20
147 410 20
148 410 20
149 410 20
150 410 20
151 410 20
152 410 20
153 410 20
154 411 20
155 411 20
156 411 20
157 411 20
158 411 20
159 411 20
160 411 20
161 411 20
162 411 20
163 411 20
164 411 20
165 411 20
166 411 20
167 411 20
168 412 20
169 412 20
170 412 20
171 412 20
172 412 20
173 412 20
174 412 20
175 412 20
176 412 20
177 412 20
178 412 20
179 412 20
180 412 20
181 412 20
182 413 20
183 413 20
184 413 20
185 413 20
186 413 20
187 413 20
188 413 20
189 413 20
190 413 20
191 413 20
192 413 20
193 413 20
194 413 20
195 413 20
196 414 20
197 414 20
198 414 20
199 414 20
200 414 20
201 414 20
202 414 20
203 414 20
204 414 20
205 414 20
206 414 20
207 414 20
208 414 20
209 414 20
210 415 20
211 415 20
212 415 20
213 415 20
214 415 20
215 415 20
216 415 20
217 415 20
218 415 20
219 415 20
220 415 20
221 415 20
222 415 20
223 415 20
224 416 20
225 416 20
226 416 20
227 416 20
228 416 20
229 416 20
230 416 20
231 416 20
232 416 20
233 416 20
234 416 20
235 416 20
236 416 20
237 416 20
238 417 20
239 417 20
240 417 20
241 417 20
242 417 20
243 417 20
244 417 20
245 417 20
246 417 20
247 417 20
248 417 20
249 417 20
250 417 20
251 417 20
252 418 20
253 418 20
254 418 20
255 418 20
256 418 20
257 418 20
258 418 20
259 418 20
260 418 20
261 418 20
262 418 20
263 418 20
264 418 20
265 418 20
266 419 20
267 419 20
268 419 20
269 419 20
270 419 20
271 419 20
272 419 20
273 419 20
274 419 20
275 419 20
276 419 20
277 419 20
278 419 20
279 419 20
280 420 20
281 420 20
282 420 20
283 420 20
284 420 20
285 420 20
286 420 20
287 420 20
288 420 20
289 420 20
290 420 20
291 420 20
292 420 20
293 420 20
294 421 20
295 421 20
296 421 20
297 421 20
298 421 20
299 421 20
300 421 20
301 421 20
302 421 20
303 421 20
304 421 20
305 421 20
306 421 20
307 421 20
308 422 20
309 422 20
310 422 20
311 422 20
312 422 20
313 422 20
314 422 20
315 422 20
316 422 20
317 422 20
318 422 20
319 422 20
320 422 20
321 422 20
322 423 20
323 423 20
324 423 20
325 423 20
326 423 20
327 423 20
328 423 20
329 423 20
330 423 20
331 423 20
332 423 20
333 423 20
334 423 20
335 423 20
336 424 20
337 424 20
338 424 20
339 424 20
340 424 20
341 424 20
342 424 20
343 424 20
344 424 20
345 424 20
346 424 20
347 424 20
348 424 20
349 424 20
350 425 20
351 425 20
352 425 20
353 425 20
354 425 20
355 425 20
356 425 20
357 425 20
358 425 20
359 425 20
360 425 20
361 425 20
362 425 20
363 425 20
364 426 20
365 426 20
366 426 20
367 426 20
368 426 20
369 426 20
370 426 20
371 426 20
372 426 20
373 426 20
374 426 20
375 426 20
376 426 20
377 426 20
378 427 20
379 427 20
380 427 20
381 427 20
382 427 20
383 427 20
384 427 20
385 427 20
386 427 20
387 427 20
388 427 20
389 427 20
390 427 20
391 427 20
392 427 20
393 427 20
394 427 20
395 427 20
396 427 20
397 427 20
398 427 20
399 427 20
400 428 200
401 428 200
402 428 200
403 428 200
404 428 200
405 428 200
406 428 200
407 428 200
408 428 200
409 428 200
410 428 200
411 428 200
412 428 200
413 428 200
414 428 200
415 428 200
416 428 200
417 428 200
418 428 200
419 428 200
420 428 200
421 428 200
422 428 200
423 428 200
424 428 200
425 428 200
426 428 200
427 428 200
0 4
1 4
2 4
3 4
4 4
5 4
6 4
7 4
8 4
9 4
10 4
11 4
12 4
13 4
14 4
15 4
16 4
17 4
18 4
19 4
20 4
21 4
22 4
23 4
24 4
25 4
26 4
27 4
28 4
29 4
30 4
31 4
32 4
33 4
34 4
35 4
36 4
37 4
38 4
39 4
40 4
41 4
42 4
43 4
44 4
45 4
46 4
47 4
48 4
49 4
50 4
51 4
52 4
53 4
54 4
55 4
56 4
57 4
58 4
59 4
60 4
61 4
62 4
63 4
64 4
65 4
66 4
67 4
68 4
69 4
70 4
71 4
72 4
73 4
74 4
75 4
76 4
77 4
78 4
79 4
80 4
81 4
82 4
83 4
84 4
85 4
86 4
87 4
88 4
89 4
90 4
91 4
92 4
93 4
94 4
95 4
96 4
97 4
98 4
99 4
100 4
101 4
102 4
103 4
104 4
105 4
106 4
107 4
108 4
109 4
110 4
111 4
112 4
113 4
114 4
115 4
116 4
117 4
118 4
119 4
120 4
121 4
122 4
123 4
124 4
125 4
126 4
127 4
128 4
129 4
130 4
131 4
132 4
133 4
134 4
135 4
136 4
137 4
138 4
139 4
140 4
141 4
142 4
143 4
144 4
145 4
146 4
147 4
148 4
149 4
150 4
151 4
152 4
153 4
154 4
155 4
156 4
157 4
158 4
159 4
160 4
161 4
162 4
163 4
164 4
165 4
166 4
167 4
168 4
169 4
170 4
171 4
172 4
173 4
174 4
175 4
176 4
177 4
178 4
179 4
180 4
181 4
182 4
183 4
184 4
185 4
186 4
187 4
188 4
189 4
190 4
191 4
192 4
193 4
194 4
195 4
196 4
197 4
198 4
199 4
200 4
201 4
202 4
203 4
204 4
205 4
206 4
207 4
208 4
209 4
210 4
211 4
212 4
213 4
214 4
215 4
216 4
217 4
218 4
219 4
220 4
221 4
222 4
223 4
224 4
225 4
226 4
227 4
228 4
229 4
230 4
231 4
232 4
233 4
234 4
235 4
236 4
237 4
238 4
239 4
240 4
241 4
242 4
243 4
244 4
245 4
246 4
247 4
248 4
249 4
250 4
251 4
252 4
253 4
254 4
255 4
256 4
257 4
258 4
259 4
260 4
261 4
262 4
263 4
264 4
265 4
266 4
267 4
268 4
269 4
270 4
271 4
272 4
273 4
274 4
275 4
276 4
277 4
278 4
279 4
280 4
281 4
282 4
283 4
284 4
285 4
286 4
287 4
288 4
289 4
290 4
291 4
292 4
293 4
294 4
295 4
296 4
297 4
298 4
299 4
300 4
301 4
302 4
303 4
304 4
305 4
306 4
307 4
308 4
309 4
310 4
311 4
312 4
313 4
314 4
315 4
316 4
317 4
318 4
319 4
320 4
321 4
322 4
323 4
324 4
325 4
326 4
327 4
328 4
329 4
330 4
331 4
332 4
333 4
334 4
335 4
336 4
337 4
338 4
339 4
340 4
341 4
342 4
343 4
344 4
345 4
346 4
347 4
348 4
349 4
350 4
351 4
352 4
353 4
354 4
355 4
356 4
357 4
358 4
359 4
360 4
361 4
362 4
363 4
364 4
365 4
366 4
367 4
368 4
369 4
370 4
371 4
372 4
373 4
374 4
375 4
376 4
377 4
378 4
379 4
380 4
381 4
382 4
383 4
384 4
385 4
386 4
387 4
388 4
389 4
390 4
391 4
392 4
393 4
394 4
395 4
396 4
397 4
398 4
399 4

