2141 2140 2000
0 2000 20
1 2000 20
2 2000 20
3 2000 20
4 2000 20
5 2000 20
6 2000 20
7 2000 20
8 2000 20
9 2000 20
10 2000 20
11 2000 20
12 2000 20
13 2000 20
14 2001 20
15 2001 20
16 2001 20
17 2001 20
18 2001 20
19 2001 20
20 2001 20
21 2001 20
22 2001 20
23 2001 20
24 2001 20
25 2001 20
26 2001 20
27 2001 20
28 2002 20
29 2002 20
30 2002 20
31 2002 20
32 2002 20
33 2002 20
34 2002 20
35 2002 20
36 2002 20
37 2002 20
38 2002 20
39 2002 20
40 2002 20
41 2002 20
42 2003 20
43 2003 20
44 2003 20
45 2003 20
46 2003 20
47 2003 20
48 2003 20
49 2003 20
50 2003 20
51 2003 20
52 2003 20
53 2003 20
54 2003 20
55 2003 20
56 2004 20
57 2004 20
58 2004 20
59 2004 20
60 2004 20
61 2004 20
62 2004 20
63 2004 20
64 2004 20
65 2004 20
66 2004 20
67 2004 20
68 2004 20
69 2004 20
70 2005 20
71 2005 20
72 2005 20
73 2005 20
74 2005 20
75 2005 20
76 2005 20
77 2005 20
78 2005 20
79 2005 20
80 2005 20
81 2005 20
82 2005 20
83 2005 20
84 2006 20
85 2006 20
86 2006 20
87 2006 20
88 2006 20
89 2006 20
90 2006 20
91 2006 20
92 2006 20
93 2006 20
94 2006 20
95 2006 20
96 2006 20
97 2006 20
98 2007 20
99 2007 20
100 2007 20
101 2007 20
102 2007 20
103 2007 20
104 2007 20
105 2007 20
106 2007 20
107 2007 20
108 2007 20
109 2007 20
110 2007 20
111 2007 20
112 2008 20
113 2008 20
114 2008 20
115 2008 20
116 2008 20
117 2008 20
118 2008 20
119 2008 20
120 2008 20
121 2008 20
122 2008 20
123 2008 20
124 2008 20
125 2008 20
126 2009 20
127 2009 20
128 2009 20
129 2009 20
130 2009 20
131 2009 20
132 2009 20
133 2009 20
134 2009 20
135 2009 20
136 2009 20
137 2009 20
138 2009 20
139 2009 20
140 2010 20
141 2010 20
142 2010 20
143 2010 20
144 2010 20
145 2010 20
146 2010 20
147 2010 20
148 2010 20
149 2010 20
150 2010 20
151 2010 20
152 2010 20
153 2010 20
154 2011 20
155 2011 20
156 2011 20
157 2011 20
158 2011 20
159 2011 20
160 2011 20
161 2011 20
162 2011 20
163 2011 20
164 2011 20
165 2011 20
166 2011 20
167 2011 20
168 2012 20
169 2012 20
170 2012 20
171 2012 20
172 2012 20
173 2012 20
174 2012 20
175 2012 20
176 2012 20
177 2012 20
178 2012 20
179 2012 20
180 2012 20
181 2012 20
182 2013 20
183 2013 20
184 2013 20
185 2013 20
186 2013 20
187 2013 20
188 2013 20
189 2013 20
190 2013 20
191 2013 20
192 2013 20
193 2013 20
194 2013 20
195 2013 20
196 2014 20
197 2014 20
198 2014 20
199 2014 20
200 2014 20
201 2014 20
202 2014 20
203 2014 20
204 2014 20
205 2014 20
206 2014 20
207 2014 20
208 2014 20
209 2014 20
210 2015 20
211 2015 20
212 2015 20
213 2015 20
214 2015 20
215 2015 20
216 2015 20
217 2015 20
218 2015 20
219 2015 20
220 2015 20
221 2015 20
222 2015 20
223 2015 20
224 2016 20
225 2016 20
226 2016 20
227 2016 20
228 2016 20
229 2016 20
230 2016 20
231 2016 20
232 2016 20
233 2016 20
234 2016 20
235 2016 20
236 2016 20
237 2016 20
238 2017 20
239 2017 20
240 2017 20
241 2017 20
242 2017 20
243 2017 20
244 2017 20
245 2017 20
246 2017 20
247 2017 20
248 2017 20
249 2017 20
250 2017 20
251 2017 20
252 2018 20
253 2018 20
254 2018 20
255 2018 20
256 2018 20
257 2018 20
258 2018 20
259 2018 20
260 2018 20
261 2018 20
262 2018 20
263 2018 20
264 2018 20
265 2018 20
266 2019 20
267 2019 20
268 2019 20
269 2019 20
270 2019 20
271 2019 20
272 2019 20
273 2019 20
274 2019 20
275 2019 20
276 2019 20
277 2019 20
278 2019 20
279 2019 20
280 2020 20
281 2020 20
282 2020 20
283 2020 20
284 2020 20
285 2020 20
286 2020 20
287 2020 20
288 2020 20
289 2020 20
290 2020 20
291 2020 20
292 2020 20
293 2020 20
294 2021 20
295 2021 20
296 2021 20
297 2021 20
298 2021 20
299 2021 20
300 2021 20
301 2021 20
302 2021 20
303 2021 20
304 2021 20
305 2021 20
306 2021 20
307 2021 20
308 2022 20
309 2022 20
310 2022 20
311 2022 20
312 2022 20
313 2022 20
314 2022 20
315 2022 20
316 2022 20
317 2022 20
318 2022 20
319 2022 20
320 2022 20
321 2022 20
322 2023 20
323 2023 20
324 2023 20
325 2023 20
326 2023 20
327 2023 20
328 2023 20
329 2023 20
330 2023 20
331 2023 20
332 2023 20
333 2023 20
334 2023 20
335 2023 20
336 2024 20
337 2024 20
338 2024 20
339 2024 20
340 2024 20
341 2024 20
342 2024 20
343 2024 20
344 2024 20
345 2024 20
346 2024 20
347 2024 20
348 2024 20
349 2024 20
350 2025 20
351 2025 20
352 2025 20
353 2025 20
354 2025 20
355 2025 20
356 2025 20
357 2025 20
358 2025 20
359 2025 20
360 2025 20
361 2025 20
362 2025 20
363 2025 20
364 2026 20
365 2026 20
366 2026 20
367 2026 20
368 2026 20
369 2026 20
370 2026 20
371 2026 20
372 2026 20
373 2026 20
374 2026 20
375 2026 20
376 2026 20
377 2026 20
378 2027 20
379 2027 20
380 2027 20
381 2027 20
382 2027 20
383 2027 20
384 2027 20
385 2027 20
386 2027 20
387 2027 20
388 2027 20
389 2027 20
390 2027 20
391 2027 20
392 2028 20
393 2028 20
394 2028 20
395 2028 20
396 2028 20
397 2028 20
398 2028 20
399 2028 20
400 2028 20
401 2028 20
402 2028 20
403 2028 20
404 2028 20
405 2028 20
406 2029 20
407 2029 20
408 2029 20
409 2029 20
410 2029 20
411 2029 20
412 2029 20
413 2029 20
414 2029 20
415 2029 20
416 2029 20
417 2029 20
418 2029 20
419 2029 20
420 2030 20
421 2030 20
422 2030 20
423 2030 20
424 2030 20
425 2030 20
426 2030 20
427 2030 20
428 2030 20
429 2030 20
430 2030 20
431 2030 20
432 2030 20
433 2030 20
434 2031 20
435 2031 20
436 2031 20
437 2031 20
438 2031 20
439 2031 20
440 2031 20
441 2031 20
442 2031 20
443 2031 20
444 2031 20
445 2031 20
446 2031 20
447 2031 20
448 2032 20
449 2032 20
450 2032 20
451 2032 20
452 2032 20
453 2032 20
454 2032 20
455 2032 20
456 2032 20
457 2032 20
458 2032 20
459 2032 20
460 2032 20
461 2032 20
462 2033 20
463 2033 20
464 2033 20
465 2033 20
466 2033 20
467 2033 20
468 2033 20
469 2033 20
470 2033 20
471 2033 20
472 2033 20
473 2033 20
474 2033 20
475 2033 20
476 2034 20
477 2034 20
478 2034 20
479 2034 20
480 2034 20
481 2034 20
482 2034 20
483 2034 20
484 2034 20
485 2034 20
486 2034 20
487 2034 20
488 2034 20
489 2034 20
490 2035 20
491 2035 20
492 2035 20
493 2035 20
494 2035 20
495 2035 20
496 2035 20
497 2035 20
498 2035 20
499 2035 20
500 2035 20
501 2035 20
502 2035 20
503 2035 20
504 2036 20
505 2036 20
506 2036 20
507 2036 20
508 2036 20
509 2036 20
510 2036 20
511 2036 20
512 2036 20
513 2036 20
514 2036 20
515 2036 20
516 2036 20
517 2036 20
518 2037 20
519 2037 20
520 2037 20
521 2037 20
522 2037 20
523 2037 20
524 2037 20
525 2037 20
526 2037 20
527 2037 20
528 2037 20
529 2037 20
530 2037 20
531 2037 20
532 2038 20
533 2038 20
534 2038 20
535 2038 20
536 2038 20
537 2038 20
538 2038 20
539 2038 20
540 2038 20
541 2038 20
542 2038 20
543 2038 20
544 2038 20
545 2038 20
546 2039 20
547 2039 20
548 2039 20
549 2039 20
550 2039 20
551 2039 20
552 2039 20
553 2039 20
554 2039 20
555 2039 20
556 2039 20
557 2039 20
558 2039 20
559 2039 20
560 2040 20
561 2040 20
562 2040 20
563 2040 20
564 2040 20
565 2040 20
566 2040 20
567 2040 20
568 2040 20
569 2040 20
570 2040 20
571 2040 20
572 2040 20
573 2040 20
574 2041 20
575 2041 20
576 2041 20
577 2041 20
578 2041 20
579 2041 20
580 2041 20
581 2041 20
582 2041 20
583 2041 20
584 2041 20
585 2041 20
586 2041 20
587 2041 20
588 2042 20
589 2042 20
590 2042 20
591 2042 20
592 2042 20
593 2042 20
594 2042 20
595 2042 20
596 2042 20
597 2042 20
598 2042 20
599 2042 20
600 2042 20
601 2042 20
602 2043 20
603 2043 20
604 2043 20
605 2043 20
606 2043 20
607 2043 20
608 2043 20
609 2043 20
610 2043 20
611 2043 20
612 2043 20
613 2043 20
614 2043 20
615 2043 20
616 2044 20
617 2044 20
618 2044 20
619 2044 20
620 2044 20
621 2044 20
622 2044 20
623 2044 20
624 2044 20
625 2044 20
626 2044 20
627 2044 20
628 2044 20
629 2044 20
630 2045 20
631 2045 20
632 2045 20
633 2045 20
634 2045 20
635 2045 20
636 2045 20
637 2045 20
638 2045 20
639 2045 20
640 2045 20
641 2045 20
642 2045 20
643 2045 20
644 2046 20
645 2046 20
646 2046 20
647 2046 20
648 2046 20
649 2046 20
650 2046 20
651 2046 20
652 2046 20
653 2046 20
654 2046 20
655 2046 20
656 2046 20
657 2046 20
658 2047 20
659 2047 20
660 2047 20
661 2047 20
662 2047 20
663 2047 20
664 2047 20
665 2047 20
666 2047 20
667 2047 20
668 2047 20
669 2047 20
670 2047 20
671 2047 20
672 2048 20
673 2048 20
674 2048 20
675 2048 20
676 2048 20
677 2048 20
678 2048 20
679 2048 20
680 2048 20
681 2048 20
682 2048 20
683 2048 20
684 2048 20
685 2048 20
686 2049 20
687 2049 20
688 2049 20
689 2049 20
690 2049 20
691 2049 20
692 2049 20
693 2049 20
694 2049 20
695 2049 20
696 2049 20
697 2049 20
698 2049 20
699 2049 20
700 2050 20
701 2050 20
702 2050 20
703 2050 20
704 2050 20
705 2050 20
706 2050 20
707 2050 20
708 2050 20
709 2050 20
710 2050 20
711 2050 20
712 2050 20
713 2050 20
714 2051 20
715 2051 20
716 2051 20
717 2051 20
718 2051 20
719 2051 20
720 2051 20
721 2051 20
722 2051 20
723 2051 20
724 2051 20
725 2051 20
726 2051 20
727 2051 20
728 2052 20
729 2052 20
730 2052 20
731 2052 20
732 2052 20
733 2052 20
734 2052 20
735 2052 20
736 2052 20
737 2052 20
738 2052 20
739 2052 20
740 2052 20
741 2052 20
742 2053 20
743 2053 20
744 2053 20
745 2053 20
746 2053 20
747 2053 20
748 2053 20
749 2053 20
750 2053 20
751 2053 20
752 2053 20
753 2053 20
754 2053 20
755 2053 20
756 2054 20
757 2054 20
758 2054 20
759 2054 20
760 2054 20
761 2054 20
762 2054 20
763 2054 20
764 2054 20
765 2054 20
766 2054 20
767 2054 20
768 2054 20
769 2054 20
770 2055 20
771 2055 20
772 2055 20
773 2055 20
774 2055 20
775 2055 20
776 2055 20
777 2055 20
778 2055 20
779 2055 20
780 2055 20
781 2055 20
782 2055 20
783 2055 20
784 2056 20
785 2056 20
786 2056 20
787 2056 20
788 2056 20
789 2056 20
790 2056 20
791 2056 20
792 2056 20
793 2056 20
794 2056 20
795 2056 20
796 2056 20
797 2056 20
798 2057 20
799 2057 20
800 2057 20
801 2057 20
802 2057 20
803 2057 20
804 2057 20
805 2057 20
806 2057 20
807 2057 20
808 2057 20
809 2057 20
810 2057 20
811 2057 20
812 2058 20
813 2058 20
814 2058 20
815 2058 20
816 2058 20
817 2058 20
818 2058 20
819 2058 20
820 2058 20
821 2058 20
822 2058 20
823 2058 20
824 2058 20
825 2058 20
826 2059 20
827 2059 20
828 2059 20
829 2059 20
830 2059 20
831 2059 20
832 2059 20
833 2059 20
834 2059 20
835 2059 20
836 2059 20
837 2059 20
838 2059 20
839 2059 20
840 2060 20
841 2060 20
842 2060 20
843 2060 20
844 2060 20
845 2060 20
846 2060 20
847 2060 20
848 2060 20
849 2060 20
850 2060 20
851 2060 20
852 2060 20
853 2060 20
854 2061 20
855 2061 20
856 2061 20
857 2061 20
858 2061 20
859 2061 20
860 2061 20
861 2061 20
862 2061 20
863 2061 20
864 2061 20
865 2061 20
866 2061 20
867 2061 20
868 2062 20
869 2062 20
870 2062 20
871 2062 20
872 2062 20
873 2062 20
874 2062 20
875 2062 20
876 2062 20
877 2062 20
878 2062 20
879 2062 20
880 2062 20
881 2062 20
882 2063 20
883 2063 20
884 2063 20
885 2063 20
886 2063 20
887 2063 20
888 2063 20
889 2063 20
890 2063 20
891 2063 20
892 2063 20
893 2063 20
894 2063 20
895 2063 20
896 2064 20
897 2064 20
898 2064 20
899 2064 20
900 2064 20
901 2064 20
902 2064 20
903 2064 20
904 2064 20
905 2064 20
906 2064 20
907 2064 20
908 2064 20
909 2064 20
910 2065 20
911 2065 20
912 2065 20
913 2065 20
914 2065 20
915 2065 20
916 2065 20
917 2065 20
918 2065 20
919 2065 20
920 2065 20
921 2065 20
922 2065 20
923 2065 20
924 2066 20
925 2066 20
926 2066 20
927 2066 20
928 2066 20
929 2066 20
930 2066 20
931 2066 20
932 2066 20
933 2066 20
934 2066 20
935 2066 20
936 2066 20
937 2066 20
938 2067 20
939 2067 20
940 2067 20
941 2067 20
942 2067 20
943 2067 20
944 2067 20
945 2067 20
946 2067 20
947 2067 20
948 2067 20
949 2067 20
950 2067 20
951 2067 20
952 2068 20
953 2068 20
954 2068 20
955 2068 20
956 2068 20
957 2068 20
958 2068 20
959 2068 20
960 2068 20
961 2068 20
962 2068 20
963 2068 20
964 2068 20
965 2068 20
966 2069 20
967 2069 20
968 2069 20
969 2069 20
970 2069 20
971 2069 20
972 2069 20
973 2069 20
974 2069 20
975 2069 20
976 2069 20
977 2069 20
978 2069 20
979 2069 20
980 2070 20
981 2070 20
982 2070 20
983 2070 20
984 2070 20
985 2070 20
986 2070 20
987 2070 20
988 2070 20
989 2070 20
990 2070 20
991 2070 20
992 2070 20
993 2070 20
994 2071 20
995 2071 20
996 2071 20
997 2071 20
998 2071 20
999 2071 20
1000 2071 20
1001 2071 20
1002 2071 20
1003 2071 20
1004 2071 20
1005 2071 20
1006 2071 20
1007 2071 20
1008 2072 20
1009 2072 20
1010 2072 20
1011 2072 20
1012 2072 20
1013 2072 20
1014 2072 20
1015 2072 20
1016 2072 20
1017 2072 20
1018 2072 20
1019 2072 20
1020 2072 20
1021 2072 20
1022 2073 20
1023 2073 20
1024 2073 20
1025 2073 20
1026 2073 20
1027 2073 20
1028 2073 20
1029 2073 20
1030 2073 20
1031 2073 20
1032 2073 20
1033 2073 20
1034 2073 20
1035 2073 20
1036 2074 20
1037 2074 20
1038 2074 20
1039 2074 20
1040 2074 20
1041 2074 20
1042 2074 20
1043 2074 20
1044 2074 20
1045 2074 20
1046 2074 20
1047 2074 20
1048 2074 20
1049 2074 20
1050 2075 20
1051 2075 20
1052 2075 20
1053 2075 20
1054 2075 20
1055 2075 20
1056 2075 20
1057 2075 20
1058 2075 20
1059 2075 20
1060 2075 20
1061 2075 20
1062 2075 20
1063 2075 20
1064 2076 20
1065 2076 20
1066 2076 20
1067 2076 20
1068 2076 20
1069 2076 20
1070 2076 20
1071 2076 20
1072 2076 20
1073 2076 20
1074 2076 20
1075 2076 20
1076 2076 20
1077 2076 20
1078 2077 20
1079 2077 20
1080 2077 20
1081 2077 20
1082 2077 20
1083 2077 20
1084 2077 20
1085 2077 20
1086 2077 20
1087 2077 20
1088 2077 20
1089 2077 20
1090 2077 20
1091 2077 20
1092 2078 20
1093 2078 20
1094 2078 20
1095 2078 20
1096 2078 20
1097 2078 20
1098 2078 20
1099 2078 20
1100 2078 20
1101 2078 20
1102 2078 20
1103 2078 20
1104 2078 20
1105 2078 20
1106 2079 20
1107 2079 20
1108 2079 20
1109 2079 20
1110 2079 20
1111 2079 20
1112 2079 20
1113 2079 20
1114 2079 20
1115 2079 20
1116 2079 20
1117 2079 20
1118 2079 20
1119 2079 20
1120 2080 20
1121 2080 20
1122 2080 20
1123 2080 20
1124 2080 20
1125 2080 20
1126 2080 20
1127 2080 20
1128 2080 20
1129 2080 20
1130 2080 20
1131 2080 20
1132 2080 20
1133 2080 20
1134 2081 20
1135 2081 20
1136 2081 20
1137 2081 20
1138 2081 20
1139 2081 20
1140 2081 20
1141 2081 20
1142 2081 20
1143 2081 20
1144 2081 20
1145 2081 20
1146 2081 20
1147 2081 20
1148 2082 20
1149 2082 20
1150 2082 20
1151 2082 20
1152 2082 20
1153 2082 20
1154 2082 20
1155 2082 20
1156 2082 20
1157 2082 20
1158 2082 20
1159 2082 20
1160 2082 20
1161 2082 20
1162 2083 20
1163 2083 20
1164 2083 20
1165 2083 20
1166 2083 20
1167 2083 20
1168 2083 20
1169 2083 20
1170 2083 20
1171 2083 20
1172 2083 20
1173 2083 20
1174 2083 20
1175 2083 20
1176 2084 20
1177 2084 20
1178 2084 20
1179 2084 20
1180 2084 20
1181 2084 20
1182 2084 20
1183 2084 20
1184 2084 20
1185 2084 20
1186 2084 20
1187 2084 20
1188 2084 20
1189 2084 20
1190 2085 20
1191 2085 20
1192 2085 20
1193 2085 20
1194 2085 20
1195 2085 20
1196 2085 20
1197 2085 20
1198 2085 20
1199 2085 20
1200 2085 20
1201 2085 20
1202 2085 20
1203 2085 20
1204 2086 20
1205 2086 20
1206 2086 20
1207 2086 20
1208 2086 20
1209 2086 20
1210 2086 20
1211 2086 20
1212 2086 20
1213 2086 20
1214 2086 20
1215 2086 20
1216 2086 20
1217 2086 20
1218 2087 20
1219 2087 20
1220 2087 20
1221 2087 20
1222 2087 20
1223 2087 20
1224 2087 20
1225 2087 20
1226 2087 20
1227 2087 20
1228 2087 20
1229 2087 20
1230 2087 20
1231 2087 20
1232 2088 20
1233 2088 20
1234 2088 20
1235 2088 20
1236 2088 20
1237 2088 20
1238 2088 20
1239 2088 20
1240 2088 20
1241 2088 20
1242 2088 20
1243 2088 20
1244 2088 20
1245 2088 20
1246 2089 20
1247 2089 20
1248 2089 20
1249 2089 20
1250 2089 20
1251 2089 20
1252 2089 20
1253 2089 20
1254 2089 20
1255 2089 20
1256 2089 20
1257 2089 20
1258 2089 20
1259 2089 20
1260 2090 20
1261 2090 20
1262 2090 20
1263 2090 20
1264 2090 20
1265 2090 20
1266 2090 20
1267 2090 20
1268 2090 20
1269 2090 20
1270 2090 20
1271 2090 20
1272 2090 20
1273 2090 20
1274 2091 20
1275 2091 20
1276 2091 20
1277 2091 20
1278 2091 20
1279 2091 20
1280 2091 20
1281 2091 20
1282 2091 20
1283 2091 20
1284 2091 20
1285 2091 20
1286 2091 20
1287 2091 20
1288 2092 20
1289 2092 20
1290 2092 20
1291 2092 20
1292 2092 20
1293 2092 20
1294 2092 20
1295 2092 20
1296 2092 20
1297 2092 20
1298 2092 20
1299 2092 20
1300 2092 20
1301 2092 20
1302 2093 20
1303 2093 20
1304 2093 20
1305 2093 20
1306 2093 20
1307 2093 20
1308 2093 20
1309 2093 20
1310 2093 20
1311 2093 20
1312 2093 20
1313 2093 20
1314 2093 20
1315 2093 20
1316 2094 20
1317 2094 20
1318 2094 20
1319 2094 20
1320 2094 20
1321 2094 20
1322 2094 20
1323 2094 20
1324 2094 20
1325 2094 20
1326 2094 20
1327 2094 20
1328 2094 20
1329 2094 20
1330 2095 20
1331 2095 20
1332 2095 20
1333 2095 20
1334 2095 20
1335 2095 20
1336 2095 20
1337 2095 20
1338 2095 20
1339 2095 20
1340 2095 20
1341 2095 20
1342 2095 20
1343 2095 20
1344 2096 20
1345 2096 20
1346 2096 20
1347 2096 20
1348 2096 20
1349 2096 20
1350 2096 20
1351 2096 20
1352 2096 20
1353 2096 20
1354 2096 20
1355 2096 20
1356 2096 20
1357 2096 20
1358 2097 20
1359 2097 20
1360 2097 20
1361 2097 20
1362 2097 20
1363 2097 20
1364 2097 20
1365 2097 20
1366 2097 20
1367 2097 20
1368 2097 20
1369 2097 20
1370 2097 20
1371 2097 20
1372 2098 20
1373 2098 20
1374 2098 20
1375 2098 20
1376 2098 20
1377 2098 20
1378 2098 20
1379 2098 20
1380 2098 20
1381 2098 20
1382 2098 20
1383 2098 20
1384 2098 20
1385 2098 20
1386 2099 20
1387 2099 20
1388 2099 20
1389 2099 20
1390 2099 20
1391 2099 20
1392 2099 20
1393 2099 20
1394 2099 20
1395 2099 20
1396 2099 20
1397 2099 20
1398 2099 20
1399 2099 20
1400 2100 20
1401 2100 20
1402 2100 20
1403 2100 20
1404 2100 20
1405 2100 20
1406 2100 20
1407 2100 20
1408 2100 20
1409 2100 20
1410 2100 20
1411 2100 20
1412 2100 20
1413 2100 20
1414 2101 20
1415 2101 20
1416 2101 20
1417 2101 20
1418 2101 20
1419 2101 20
1420 2101 20
1421 2101 20
1422 2101 20
1423 2101 20
1424 2101 20
1425 2101 20
1426 2101 20
1427 2101 20
1428 2102 20
1429 2102 20
1430 2102 20
1431 2102 20
1432 2102 20
1433 2102 20
1434 2102 20
1435 2102 20
1436 2102 20
1437 2102 20
1438 2102 20
1439 2102 20
1440 2102 20
1441 2102 20
1442 2103 20
1443 2103 20
1444 2103 20
1445 2103 20
1446 2103 20
1447 2103 20
1448 2103 20
1449 2103 20
1450 2103 20
1451 2103 20
1452 2103 20
1453 2103 20
1454 2103 20
1455 2103 20
1456 2104 20
1457 2104 20
1458 2104 20
1459 2104 20
1460 2104 20
1461 2104 20
1462 2104 20
1463 2104 20
1464 2104 20
1465 2104 20
1466 2104 20
1467 2104 20
1468 2104 20
1469 2104 20
1470 2105 20
1471 2105 20
1472 2105 20
1473 2105 20
1474 2105 20
1475 2105 20
1476 2105 20
1477 2105 20
1478 2105 20
1479 2105 20
1480 2105 20
1481 2105 20
1482 2105 20
1483 2105 20
1484 2106 20
1485 2106 20
1486 2106 20
1487 2106 20
1488 2106 20
1489 2106 20
1490 2106 20
1491 2106 20
1492 2106 20
1493 2106 20
1494 2106 20
1495 2106 20
1496 2106 20
1497 2106 20
1498 2107 20
1499 2107 20
1500 2107 20
1501 2107 20
1502 2107 20
1503 2107 20
1504 2107 20
1505 2107 20
1506 2107 20
1507 2107 20
1508 2107 20
1509 2107 20
1510 2107 20
1511 2107 20
1512 2108 20
1513 2108 20
1514 2108 20
1515 2108 20
1516 2108 20
1517 2108 20
1518 2108 20
1519 2108 20
1520 2108 20
1521 2108 20
1522 2108 20
1523 2108 20
1524 2108 20
1525 2108 20
1526 2109 20
1527 2109 20
1528 2109 20
1529 2109 20
1530 2109 20
1531 2109 20
1532 2109 20
1533 2109 20
1534 2109 20
1535 2109 20
1536 2109 20
1537 2109 20
1538 2109 20
1539 2109 20
1540 2110 20
1541 2110 20
1542 2110 20
1543 2110 20
1544 2110 20
1545 2110 20
1546 2110 20
1547 2110 20
1548 2110 20
1549 2110 20
1550 2110 20
1551 2110 20
1552 2110 20
1553 2110 20
1554 2111 20
1555 2111 20
1556 2111 20
1557 2111 20
1558 2111 20
1559 2111 20
1560 2111 20
1561 2111 20
1562 2111 20
1563 2111 20
1564 2111 20
1565 2111 20
1566 2111 20
1567 2111 20
1568 2112 20
1569 2112 20
1570 2112 20
1571 2112 20
1572 2112 20
1573 2112 20
1574 2112 20
1575 2112 20
1576 2112 20
1577 2112 20
1578 2112 20
1579 2112 20
1580 2112 20
1581 2112 20
1582 2113 20
1583 2113 20
1584 2113 20
1585 2113 20
1586 2113 20
1587 2113 20
1588 2113 20
1589 2113 20
1590 2113 20
1591 2113 20
1592 2113 20
1593 2113 20
1594 2113 20
1595 2113 20
1596 2114 20
1597 2114 20
1598 2114 20
1599 2114 20
1600 2114 20
1601 2114 20
1602 2114 20
1603 2114 20
1604 2114 20
1605 2114 20
1606 2114 20
1607 2114 20
1608 2114 20
1609 2114 20
1610 2115 20
1611 2115 20
1612 2115 20
1613 2115 20
1614 2115 20
1615 2115 20
1616 2115 20
1617 2115 20
1618 2115 20
1619 2115 20
1620 2115 20
1621 2115 20
1622 2115 20
1623 2115 20
1624 2116 20
1625 2116 20
1626 2116 20
1627 2116 20
1628 2116 20
1629 2116 20
1630 2116 20
1631 2116 20
1632 2116 20
1633 2116 20
1634 2116 20
1635 2116 20
1636 2116 20
1637 2116 20
1638 2117 20
1639 2117 20
1640 2117 20
1641 2117 20
1642 2117 20
1643 2117 20
1644 2117 20
1645 2117 20
1646 2117 20
1647 2117 20
1648 2117 20
1649 2117 20
1650 2117 20
1651 2117 20
1652 2118 20
1653 2118 20
1654 2118 20
1655 2118 20
1656 2118 20
1657 2118 20
1658 2118 20
1659 2118 20
1660 2118 20
1661 2118 20
1662 2118 20
1663 2118 20
1664 2118 20
1665 2118 20
1666 2119 20
1667 2119 20
1668 2119 20
1669 2119 20
1670 2119 20
1671 2119 20
1672 2119 20
1673 2119 20
1674 2119 20
1675 2119 20
1676 2119 20
1677 2119 20
1678 2119 20
1679 2119 20
1680 2120 20
1681 2120 20
1682 2120 20
1683 2120 20
1684 2120 20
1685 2120 20
1686 2120 20
1687 2120 20
1688 2120 20
1689 2120 20
1690 2120 20
1691 2120 20
1692 2120 20
1693 2120 20
1694 2121 20
1695 2121 20
1696 2121 20
1697 2121 20
1698 2121 20
1699 2121 20
1700 2121 20
1701 2121 20
1702 2121 20
1703 2121 20
1704 2121 20
1705 2121 20
1706 2121 20
1707 2121 20
1708 2122 20
1709 2122 20
1710 2122 20
1711 2122 20
1712 2122 20
1713 2122 20
1714 2122 20
1715 2122 20
1716 2122 20
1717 2122 20
1718 2122 20
1719 2122 20
1720 2122 20
1721 2122 20
1722 2123 20
1723 2123 20
1724 2123 20
1725 2123 20
1726 2123 20
1727 2123 20
1728 2123 20
1729 2123 20
1730 2123 20
1731 2123 20
1732 2123 20
1733 2123 20
1734 2123 20
1735 2123 20
1736 2124 20
1737 2124 20
1738 2124 20
1739 2124 20
1740 2124 20
1741 2124 20
1742 2124 20
1743 2124 20
1744 2124 20
1745 2124 20
1746 2124 20
1747 2124 20
1748 2124 20
1749 2124 20
1750 2125 20
1751 2125 20
1752 2125 20
1753 2125 20
1754 2125 20
1755 2125 20
1756 2125 20
1757 2125 20
1758 2125 20
1759 2125 20
1760 2125 20
1761 2125 20
1762 2125 20
1763 2125 20
1764 2126 20
1765 2126 20
1766 2126 20
1767 2126 20
1768 2126 20
1769 2126 20
1770 2126 20
1771 2126 20
1772 2126 20
1773 2126 20
1774 2126 20
1775 2126 20
1776 2126 20
1777 2126 20
1778 2127 20
1779 2127 20
1780 2127 20
1781 2127 20
1782 2127 20
1783 2127 20
1784 2127 20
1785 2127 20
1786 2127 20
1787 2127 20
1788 2127 20
1789 2127 20
1790 2127 20
1791 2127 20
1792 2128 20
1793 2128 20
1794 2128 20
1795 2128 20
1796 2128 20
1797 2128 20
1798 2128 20
1799 2128 20
1800 2128 20
1801 2128 20
1802 2128 20
1803 2128 20
1804 2128 20
1805 2128 20
1806 2129 20
1807 2129 20
1808 2129 20
1809 2129 20
1810 2129 20
1811 2129 20
1812 2129 20
1813 2129 20
1814 2129 20
1815 2129 20
1816 2129 20
1817 2129 20
1818 2129 20
1819 2129 20
1820 2130 20
1821 2130 20
1822 2130 20
1823 2130 20
1824 2130 20
1825 2130 20
1826 2130 20
1827 2130 20
1828 2130 20
1829 2130 20
1830 2130 20
1831 2130 20
1832 2130 20
1833 2130 20
1834 2131 20
1835 2131 20
1836 2131 20
1837 2131 20
1838 2131 20
1839 2131 20
1840 2131 20
1841 2131 20
1842 2131 20
1843 2131 20
1844 2131 20
1845 2131 20
1846 2131 20
1847 2131 20
1848 2132 20
1849 2132 20
1850 2132 20
1851 2132 20
1852 2132 20
1853 2132 20
1854 2132 20
1855 2132 20
1856 2132 20
1857 2132 20
1858 2132 20
1859 2132 20
1860 2132 20
1861 2132 20
1862 2133 20
1863 2133 20
1864 2133 20
1865 2133 20
1866 2133 20
1867 2133 20
1868 2133 20
1869 2133 20
1870 2133 20
1871 2133 20
1872 2133 20
1873 2133 20
1874 2133 20
1875 2133 20
1876 2134 20
1877 2134 20
1878 2134 20
1879 2134 20
1880 2134 20
1881 2134 20
1882 2134 20
1883 2134 20
1884 2134 20
1885 2134 20
1886 2134 20
1887 2134 20
1888 2134 20
1889 2134 20
1890 2135 20
1891 2135 20
1892 2135 20
1893 2135 20
1894 2135 20
1895 2135 20
1896 2135 20
1897 2135 20
1898 2135 20
1899 2135 20
1900 2135 20
1901 2135 20
1902 2135 20
1903 2135 20
1904 2136 20
1905 2136 20
1906 2136 20
1907 2136 20
1908 2136 20
1909 2136 20
1910 2136 20
1911 2136 20
1912 2136 20
1913 2136 20
1914 2136 20
1915 2136 20
1916 2136 20
1917 2136 20
1918 2137 20
1919 2137 20
1920 2137 20
1921 2137 20
1922 2137 20
1923 2137 20
1924 2137 20
1925 2137 20
1926 2137 20
1927 2137 20
1928 2137 20
1929 2137 20
1930 2137 20
1931 2137 20
1932 2138 20
1933 2138 20
1934 2138 20
1935 2138 20
1936 2138 20
1937 2138 20
1938 2138 20
1939 2138 20
1940 2138 20
1941 2138 20
1942 2138 20
1943 2138 20
1944 2138 20
1945 2138 20
1946 2139 20
1947 2139 20
1948 2139 20
1949 2139 20
1950 2139 20
1951 2139 20
1952 2139 20
1953 2139 20
1954 2139 20
1955 2139 20
1956 2139 20
1957 2139 20
1958 2139 20
1959 2139 20
1960 2139 20
1961 2139 20
1962 2139 20
1963 2139 20
1964 2139 20
1965 2139 20
1966 2139 20
1967 2139 20
1968 2139 20
1969 2139 20
1970 2139 20
1971 2139 20
1972 2139 20
1973 2139 20
1974 2139 20
1975 2139 20
1976 2139 20
1977 2139 20
1978 2139 20
1979 2139 20
1980 2139 20
1981 2139 20
1982 2139 20
1983 2139 20
1984 2139 20
1985 2139 20
1986 2139 20
1987 2139 20
1988 2139 20
1989 2139 20
1990 2139 20
1991 2139 20
1992 2139 20
1993 2139 20
1994 2139 20
1995 2139 20
1996 2139 20
1997 2139 20
1998 2139 20
1999 2139 20
2000 2140 200
2001 2140 200
2002 2140 200
2003 2140 200
2004 2140 200
2005 2140 200
2006 2140 200
2007 2140 200
2008 2140 200
2009 2140 200
2010 2140 200
2011 2140 200
2012 2140 200
2013 2140 200
2014 2140 200
2015 2140 200
2016 2140 200
2017 2140 200
2018 2140 200
2019 2140 200
2020 2140 200
2021 2140 200
2022 2140 200
2023 2140 200
2024 2140 200
2025 2140 200
2026 2140 200
2027 2140 200
2028 2140 200
2029 2140 200
2030 2140 200
2031 2140 200
2032 2140 200
2033 2140 200
2034 2140 200
2035 2140 200
2036 2140 200
2037 2140 200
2038 2140 200
2039 2140 200
2040 2140 200
2041 2140 200
2042 2140 200
2043 2140 200
2044 2140 200
2045 2140 200
2046 2140 200
2047 2140 200
2048 2140 200
2049 2140 200
2050 2140 200
2051 2140 200
2052 2140 200
2053 2140 200
2054 2140 200
2055 2140 200
2056 2140 200
2057 2140 200
2058 2140 200
2059 2140 200
2060 2140 200
2061 2140 200
2062 2140 200
2063 2140 200
2064 2140 200
2065 2140 200
2066 2140 200
2067 2140 200
2068 2140 200
2069 2140 200
2070 2140 200
2071 2140 200
2072 2140 200
2073 2140 200
2074 2140 200
2075 2140 200
2076 2140 200
2077 2140 200
2078 2140 200
2079 2140 200
2080 2140 200
2081 2140 200
2082 2140 200
2083 2140 200
2084 2140 200
2085 2140 200
2086 2140 200
2087 2140 200
2088 2140 200
2089 2140 200
2090 2140 200
2091 2140 200
2092 2140 200
2093 2140 200
2094 2140 200
2095 2140 200
2096 2140 200
2097 2140 200
2098 2140 200
2099 2140 200
2100 2140 200
2101 2140 200
2102 2140 200
2103 2140 200
2104 2140 200
2105 2140 200
2106 2140 200
2107 2140 200
2108 2140 200
2109 2140 200
2110 2140 200
2111 2140 200
2112 2140 200
2113 2140 200
2114 2140 200
2115 2140 200
2116 2140 200
2117 2140 200
2118 2140 200
2119 2140 200
2120 2140 200
2121 2140 200
2122 2140 200
2123 2140 200
2124 2140 200
2125 2140 200
2126 2140 200
2127 2140 200
2128 2140 200
2129 2140 200
2130 2140 200
2131 2140 200
2132 2140 200
2133 2140 200
2134 2140 200
2135 2140 200
2136 2140 200
2137 2140 200
2138 2140 200
2139 2140 200
0 4
1 4
2 4
3 4
4 4
5 4
6 4
7 4
8 4
9 4
10 4
11 4
12 4
13 4
14 4
15 4
16 4
17 4
18 4
19 4
20 4
21 4
22 4
23 4
24 4
25 4
26 4
27 4
28 4
29 4
30 4
31 4
32 4
33 4
34 4
35 4
36 4
37 4
38 4
39 4
40 4
41 4
42 4
43 4
44 4
45 4
46 4
47 4
48 4
49 4
50 4
51 4
52 4
53 4
54 4
55 4
56 4
57 4
58 4
59 4
60 4
61 4
62 4
63 4
64 4
65 4
66 4
67 4
68 4
69 4
70 4
71 4
72 4
73 4
74 4
75 4
76 4
77 4
78 4
79 4
80 4
81 4
82 4
83 4
84 4
85 4
86 4
87 4
88 4
89 4
90 4
91 4
92 4
93 4
94 4
95 4
96 4
97 4
98 4
99 4
100 4
101 4
102 4
103 4
104 4
105 4
106 4
107 4
108 4
109 4
110 4
111 4
112 4
113 4
114 4
115 4
116 4
117 4
118 4
119 4
120 4
121 4
122 4
123 4
124 4
125 4
126 4
127 4
128 4
129 4
130 4
131 4
132 4
133 4
134 4
135 4
136 4
137 4
138 4
139 4
140 4
141 4
142 4
143 4
144 4
145 4
146 4
147 4
148 4
149 4
150 4
151 4
152 4
153 4
154 4
155 4
156 4
157 4
158 4
159 4
160 4
161 4
162 4
163 4
164 4
165 4
166 4
167 4
168 4
169 4
170 4
171 4
172 4
173 4
174 4
175 4
176 4
177 4
178 4
179 4
180 4
181 4
182 4
183 4
184 4
185 4
186 4
187 4
188 4
189 4
190 4
191 4
192 4
193 4
194 4
195 4
196 4
197 4
198 4
199 4
200 4
201 4
202 4
203 4
204 4
205 4
206 4
207 4
208 4
209 4
210 4
211 4
212 4
213 4
214 4
215 4
216 4
217 4
218 4
219 4
220 4
221 4
222 4
223 4
224 4
225 4
226 4
227 4
228 4
229 4
230 4
231 4
232 4
233 4
234 4
235 4
236 4
237 4
238 4
239 4
240 4
241 4
242 4
243 4
244 4
245 4
246 4
247 4
248 4
249 4
250 4
251 4
252 4
253 4
254 4
255 4
256 4
257 4
258 4
259 4
260 4
261 4
262 4
263 4
264 4
265 4
266 4
267 4
268 4
269 4
270 4
271 4
272 4
273 4
274 4
275 4
276 4
277 4
278 4
279 4
280 4
281 4
282 4
283 4
284 4
285 4
286 4
287 4
288 4
289 4
290 4
291 4
292 4
293 4
294 4
295 4
296 4
297 4
298 4
299 4
300 4
301 4
302 4
303 4
304 4
305 4
306 4
307 4
308 4
309 4
310 4
311 4
312 4
313 4
314 4
315 4
316 4
317 4
318 4
319 4
320 4
321 4
322 4
323 4
324 4
325 4
326 4
327 4
328 4
329 4
330 4
331 4
332 4
333 4
334 4
335 4
336 4
337 4
338 4
339 4
340 4
341 4
342 4
343 4
344 4
345 4
346 4
347 4
348 4
349 4
350 4
351 4
352 4
353 4
354 4
355 4
356 4
357 4
358 4
359 4
360 4
361 4
362 4
363 4
364 4
365 4
366 4
367 4
368 4
369 4
370 4
371 4
372 4
373 4
374 4
375 4
376 4
377 4
378 4
379 4
380 4
381 4
382 4
383 4
384 4
385 4
386 4
387 4
388 4
389 4
390 4
391 4
392 4
393 4
394 4
395 4
396 4
397 4
398 4
399 4
400 4
401 4
402 4
403 4
404 4
405 4
406 4
407 4
408 4
409 4
410 4
411 4
412 4
413 4
414 4
415 4
416 4
417 4
418 4
419 4
420 4
421 4
422 4
423 4
424 4
425 4
426 4
427 4
428 4
429 4
430 4
431 4
432 4
433 4
434 4
435 4
436 4
437 4
438 4
439 4
440 4
441 4
442 4
443 4
444 4
445 4
446 4
447 4
448 4
449 4
450 4
451 4
452 4
453 4
454 4
455 4
456 4
457 4
458 4
459 4
460 4
461 4
462 4
463 4
464 4
465 4
466 4
467 4
468 4
469 4
470 4
471 4
472 4
473 4
474 4
475 4
476 4
477 4
478 4
479 4
480 4
481 4
482 4
483 4
484 4
485 4
486 4
487 4
488 4
489 4
490 4
491 4
492 4
493 4
494 4
495 4
496 4
497 4
498 4
499 4
500 4
501 4
502 4
503 4
504 4
505 4
506 4
507 4
508 4
509 4
510 4
511 4
512 4
513 4
514 4
515 4
516 4
517 4
518 4
519 4
520 4
521 4
522 4
523 4
524 4
525 4
526 4
527 4
528 4
529 4
530 4
531 4
532 4
533 4
534 4
535 4
536 4
537 4
538 4
539 4
540 4
541 4
542 4
543 4
544 4
545 4
546 4
547 4
548 4
549 4
550 4
551 4
552 4
553 4
554 4
555 4
556 4
557 4
558 4
559 4
560 4
561 4
562 4
563 4
564 4
565 4
566 4
567 4
568 4
569 4
570 4
571 4
572 4
573 4
574 4
575 4
576 4
577 4
578 4
579 4
580 4
581 4
582 4
583 4
584 4
585 4
586 4
587 4
588 4
589 4
590 4
591 4
592 4
593 4
594 4
595 4
596 4
597 4
598 4
599 4
600 4
601 4
602 4
603 4
604 4
605 4
606 4
607 4
608 4
609 4
610 4
611 4
612 4
613 4
614 4
615 4
616 4
617 4
618 4
619 4
620 4
621 4
622 4
623 4
624 4
625 4
626 4
627 4
628 4
629 4
630 4
631 4
632 4
633 4
634 4
635 4
636 4
637 4
638 4
639 4
640 4
641 4
642 4
643 4
644 4
645 4
646 4
647 4
648 4
649 4
650 4
651 4
652 4
653 4
654 4
655 4
656 4
657 4
658 4
659 4
660 4
661 4
662 4
663 4
664 4
665 4
666 4
667 4
668 4
669 4
670 4
671 4
672 4
673 4
674 4
675 4
676 4
677 4
678 4
679 4
680 4
681 4
682 4
683 4
684 4
685 4
686 4
687 4
688 4
689 4
690 4
691 4
692 4
693 4
694 4
695 4
696 4
697 4
698 4
699 4
700 4
701 4
702 4
703 4
704 4
705 4
706 4
707 4
708 4
709 4
710 4
711 4
712 4
713 4
714 4
715 4
716 4
717 4
718 4
719 4
720 4
721 4
722 4
723 4
724 4
725 4
726 4
727 4
728 4
729 4
730 4
731 4
732 4
733 4
734 4
735 4
736 4
737 4
738 4
739 4
740 4
741 4
742 4
743 4
744 4
745 4
746 4
747 4
748 4
749 4
750 4
751 4
752 4
753 4
754 4
755 4
756 4
757 4
758 4
759 4
760 4
761 4
762 4
763 4
764 4
765 4
766 4
767 4
768 4
769 4
770 4
771 4
772 4
773 4
774 4
775 4
776 4
777 4
778 4
779 4
780 4
781 4
782 4
783 4
784 4
785 4
786 4
787 4
788 4
789 4
790 4
791 4
792 4
793 4
794 4
795 4
796 4
797 4
798 4
799 4
800 4
801 4
802 4
803 4
804 4
805 4
806 4
807 4
808 4
809 4
810 4
811 4
812 4
813 4
814 4
815 4
816 4
817 4
818 4
819 4
820 4
821 4
822 4
823 4
824 4
825 4
826 4
827 4
828 4
829 4
830 4
831 4
832 4
833 4
834 4
835 4
836 4
837 4
838 4
839 4
840 4
841 4
842 4
843 4
844 4
845 4
846 4
847 4
848 4
849 4
850 4
851 4
852 4
853 4
854 4
855 4
856 4
857 4
858 4
859 4
860 4
861 4
862 4
863 4
864 4
865 4
866 4
867 4
868 4
869 4
870 4
871 4
872 4
873 4
874 4
875 4
876 4
877 4
878 4
879 4
880 4
881 4
882 4
883 4
884 4
885 4
886 4
887 4
888 4
889 4
890 4
891 4
892 4
893 4
894 4
895 4
896 4
897 4
898 4
899 4
900 4
901 4
902 4
903 4
904 4
905 4
906 4
907 4
908 4
909 4
910 4
911 4
912 4
913 4
914 4
915 4
916 4
917 4
918 4
919 4
920 4
921 4
922 4
923 4
924 4
925 4
926 4
927 4
928 4
929 4
930 4
931 4
932 4
933 4
934 4
935 4
936 4
937 4
938 4
939 4
940 4
941 4
942 4
943 4
944 4
945 4
946 4
947 4
948 4
949 4
950 4
951 4
952 4
953 4
954 4
955 4
956 4
957 4
958 4
959 4
960 4
961 4
962 4
963 4
964 4
965 4
966 4
967 4
968 4
969 4
970 4
971 4
972 4
973 4
974 4
975 4
976 4
977 4
978 4
979 4
980 4
981 4
982 4
983 4
984 4
985 4
986 4
987 4
988 4
989 4
990 4
991 4
992 4
993 4
994 4
995 4
996 4
997 4
998 4
999 4
1000 4
1001 4
1002 4
1003 4
1004 4
1005 4
1006 4
1007 4
1008 4
1009 4
1010 4
1011 4
1012 4
1013 4
1014 4
1015 4
1016 4
1017 4
1018 4
1019 4
1020 4
1021 4
1022 4
1023 4
1024 4
1025 4
1026 4
1027 4
1028 4
1029 4
1030 4
1031 4
1032 4
1033 4
1034 4
1035 4
1036 4
1037 4
1038 4
1039 4
1040 4
1041 4
1042 4
1043 4
1044 4
1045 4
1046 4
1047 4
1048 4
1049 4
1050 4
1051 4
1052 4
1053 4
1054 4
1055 4
1056 4
1057 4
1058 4
1059 4
1060 4
1061 4
1062 4
1063 4
1064 4
1065 4
1066 4
1067 4
1068 4
1069 4
1070 4
1071 4
1072 4
1073 4
1074 4
1075 4
1076 4
1077 4
1078 4
1079 4
1080 4
1081 4
1082 4
1083 4
1084 4
1085 4
1086 4
1087 4
1088 4
1089 4
1090 4
1091 4
1092 4
1093 4
1094 4
1095 4
1096 4
1097 4
1098 4
1099 4
1100 4
1101 4
1102 4
1103 4
1104 4
1105 4
1106 4
1107 4
1108 4
1109 4
1110 4
1111 4
1112 4
1113 4
1114 4
1115 4
1116 4
1117 4
1118 4
1119 4
1120 4
1121 4
1122 4
1123 4
1124 4
1125 4
1126 4
1127 4
1128 4
1129 4
1130 4
1131 4
1132 4
1133 4
1134 4
1135 4
1136 4
1137 4
1138 4
1139 4
1140 4
1141 4
1142 4
1143 4
1144 4
1145 4
1146 4
1147 4
1148 4
1149 4
1150 4
1151 4
1152 4
1153 4
1154 4
1155 4
1156 4
1157 4
1158 4
1159 4
1160 4
1161 4
1162 4
1163 4
1164 4
1165 4
1166 4
1167 4
1168 4
1169 4
1170 4
1171 4
1172 4
1173 4
1174 4
1175 4
1176 4
1177 4
1178 4
1179 4
1180 4
1181 4
1182 4
1183 4
1184 4
1185 4
1186 4
1187 4
1188 4
1189 4
1190 4
1191 4
1192 4
1193 4
1194 4
1195 4
1196 4
1197 4
1198 4
1199 4
1200 4
1201 4
1202 4
1203 4
1204 4
1205 4
1206 4
1207 4
1208 4
1209 4
1210 4
1211 4
1212 4
1213 4
1214 4
1215 4
1216 4
1217 4
1218 4
1219 4
1220 4
1221 4
1222 4
1223 4
1224 4
1225 4
1226 4
1227 4
1228 4
1229 4
1230 4
1231 4
1232 4
1233 4
1234 4
1235 4
1236 4
1237 4
1238 4
1239 4
1240 4
1241 4
1242 4
1243 4
1244 4
1245 4
1246 4
1247 4
1248 4
1249 4
1250 4
1251 4
1252 4
1253 4
1254 4
1255 4
1256 4
1257 4
1258 4
1259 4
1260 4
1261 4
1262 4
1263 4
1264 4
1265 4
1266 4
1267 4
1268 4
1269 4
1270 4
1271 4
1272 4
1273 4
1274 4
1275 4
1276 4
1277 4
1278 4
1279 4
1280 4
1281 4
1282 4
1283 4
1284 4
1285 4
1286 4
1287 4
1288 4
1289 4
1290 4
1291 4
1292 4
1293 4
1294 4
1295 4
1296 4
1297 4
1298 4
1299 4
1300 4
1301 4
1302 4
1303 4
1304 4
1305 4
1306 4
1307 4
1308 4
1309 4
1310 4
1311 4
1312 4
1313 4
1314 4
1315 4
1316 4
1317 4
1318 4
1319 4
1320 4
1321 4
1322 4
1323 4
1324 4
1325 4
1326 4
1327 4
1328 4
1329 4
1330 4
1331 4
1332 4
1333 4
1334 4
1335 4
1336 4
1337 4
1338 4
1339 4
1340 4
1341 4
1342 4
1343 4
1344 4
1345 4
1346 4
1347 4
1348 4
1349 4
1350 4
1351 4
1352 4
1353 4
1354 4
1355 4
1356 4
1357 4
1358 4
1359 4
1360 4
1361 4
1362 4
1363 4
1364 4
1365 4
1366 4
1367 4
1368 4
1369 4
1370 4
1371 4
1372 4
1373 4
1374 4
1375 4
1376 4
1377 4
1378 4
1379 4
1380 4
1381 4
1382 4
1383 4
1384 4
1385 4
1386 4
1387 4
1388 4
1389 4
1390 4
1391 4
1392 4
1393 4
1394 4
1395 4
1396 4
1397 4
1398 4
1399 4
1400 4
1401 4
1402 4
1403 4
1404 4
1405 4
1406 4
1407 4
1408 4
1409 4
1410 4
1411 4
1412 4
1413 4
1414 4
1415 4
1416 4
1417 4
1418 4
1419 4
1420 4
1421 4
1422 4
1423 4
1424 4
1425 4
1426 4
1427 4
1428 4
1429 4
1430 4
1431 4
1432 4
1433 4
1434 4
1435 4
1436 4
1437 4
1438 4
1439 4
1440 4
1441 4
1442 4
1443 4
1444 4
1445 4
1446 4
1447 4
1448 4
1449 4
1450 4
1451 4
1452 4
1453 4
1454 4
1455 4
1456 4
1457 4
1458 4
1459 4
1460 4
1461 4
1462 4
1463 4
1464 4
1465 4
1466 4
1467 4
1468 4
1469 4
1470 4
1471 4
1472 4
1473 4
1474 4
1475 4
1476 4
1477 4
1478 4
1479 4
1480 4
1481 4
1482 4
1483 4
1484 4
1485 4
1486 4
1487 4
1488 4
1489 4
1490 4
1491 4
1492 4
1493 4
1494 4
1495 4
1496 4
1497 4
1498 4
1499 4
1500 4
1501 4
1502 4
1503 4
1504 4
1505 4
1506 4
1507 4
1508 4
1509 4
1510 4
1511 4
1512 4
1513 4
1514 4
1515 4
1516 4
1517 4
1518 4
1519 4
1520 4
1521 4
1522 4
1523 4
1524 4
1525 4
1526 4
1527 4
1528 4
1529 4
1530 4
1531 4
1532 4
1533 4
1534 4
1535 4
1536 4
1537 4
1538 4
1539 4
1540 4
1541 4
1542 4
1543 4
1544 4
1545 4
1546 4
1547 4
1548 4
1549 4
1550 4
1551 4
1552 4
1553 4
1554 4
1555 4
1556 4
1557 4
1558 4
1559 4
1560 4
1561 4
1562 4
1563 4
1564 4
1565 4
1566 4
1567 4
1568 4
1569 4
1570 4
1571 4
1572 4
1573 4
1574 4
1575 4
1576 4
1577 4
1578 4
1579 4
1580 4
1581 4
1582 4
1583 4
1584 4
1585 4
1586 4
1587 4
1588 4
1589 4
1590 4
1591 4
1592 4
1593 4
1594 4
1595 4
1596 4
1597 4
1598 4
1599 4
1600 4
1601 4
1602 4
1603 4
1604 4
1605 4
1606 4
1607 4
1608 4
1609 4
1610 4
1611 4
1612 4
1613 4
1614 4
1615 4
1616 4
1617 4
1618 4
1619 4
1620 4
1621 4
1622 4
1623 4
1624 4
1625 4
1626 4
1627 4
1628 4
1629 4
1630 4
1631 4
1632 4
1633 4
1634 4
1635 4
1636 4
1637 4
1638 4
1639 4
1640 4
1641 4
1642 4
1643 4
1644 4
1645 4
1646 4
1647 4
1648 4
1649 4
1650 4
1651 4
1652 4
1653 4
1654 4
1655 4
1656 4
1657 4
1658 4
1659 4
1660 4
1661 4
1662 4
1663 4
1664 4
1665 4
1666 4
1667 4
1668 4
1669 4
1670 4
1671 4
1672 4
1673 4
1674 4
1675 4
1676 4
1677 4
1678 4
1679 4
1680 4
1681 4
1682 4
1683 4
1684 4
1685 4
1686 4
1687 4
1688 4
1689 4
1690 4
1691 4
1692 4
1693 4
1694 4
1695 4
1696 4
1697 4
1698 4
1699 4
1700 4
1701 4
1702 4
1703 4
1704 4
1705 4
1706 4
1707 4
1708 4
1709 4
1710 4
1711 4
1712 4
1713 4
1714 4
1715 4
1716 4
1717 4
1718 4
1719 4
1720 4
1721 4
1722 4
1723 4
1724 4
1725 4
1726 4
1727 4
1728 4
1729 4
1730 4
1731 4
1732 4
1733 4
1734 4
1735 4
1736 4
1737 4
1738 4
1739 4
1740 4
1741 4
1742 4
1743 4
1744 4
1745 4
1746 4
1747 4
1748 4
1749 4
1750 4
1751 4
1752 4
1753 4
1754 4
1755 4
1756 4
1757 4
1758 4
1759 4
1760 4
1761 4
1762 4
1763 4
1764 4
1765 4
1766 4
1767 4
1768 4
1769 4
1770 4
1771 4
1772 4
1773 4
1774 4
1775 4
1776 4
1777 4
1778 4
1779 4
1780 4
1781 4
1782 4
1783 4
1784 4
1785 4
1786 4
1787 4
1788 4
1789 4
1790 4
1791 4
1792 4
1793 4
1794 4
1795 4
1796 4
1797 4
1798 4
1799 4
1800 4
1801 4
1802 4
1803 4
1804 4
1805 4
1806 4
1807 4
1808 4
1809 4
1810 4
1811 4
1812 4
1813 4
1814 4
1815 4
1816 4
1817 4
1818 4
1819 4
1820 4
1821 4
1822 4
1823 4
1824 4
1825 4
1826 4
1827 4
1828 4
1829 4
1830 4
1831 4
1832 4
1833 4
1834 4
1835 4
1836 4
1837 4
1838 4
1839 4
1840 4
1841 4
1842 4
1843 4
1844 4
1845 4
1846 4
1847 4
1848 4
1849 4
1850 4
1851 4
1852 4
1853 4
1854 4
1855 4
1856 4
1857 4
1858 4
1859 4
1860 4
1861 4
1862 4
1863 4
1864 4
1865 4
1866 4
1867 4
1868 4
1869 4
1870 4
1871 4
1872 4
1873 4
1874 4
1875 4
1876 4
1877 4
1878 4
1879 4
1880 4
1881 4
1882 4
1883 4
1884 4
1885 4
1886 4
1887 4
1888 4
1889 4
1890 4
1891 4
1892 4
1893 4
1894 4
1895 4
1896 4
1897 4
1898 4
1899 4
1900 4
1901 4
1902 4
1903 4
1904 4
1905 4
1906 4
1907 4
1908 4
1909 4
1910 4
1911 4
1912 4
1913 4
1914 4
1915 4
1916 4
1917 4
1918 4
1919 4
1920 4
1921 4
1922 4
1923 4
1924 4
1925 4
1926 4
1927 4
1928 4
1929 4
1930 4
1931 4
1932 4
1933 4
1934 4
1935 4
1936 4
1937 4
1938 4
1939 4
1940 4
1941 4
1942 4
1943 4
1944 4
1945 4
1946 4
1947 4
1948 4
1949 4
1950 4
1951 4
1952 4
1953 4
1954 4
1955 4
1956 4
1957 4
1958 4
1959 4
1960 4
1961 4
1962 4
1963 4
1964 4
1965 4
1966 4
1967 4
1968 4
1969 4
1970 4
1971 4
1972 4
1973 4
1974 4
1975 4
1976 4
1977 4
1978 4
1979 4
1980 4
1981 4
1982 4
1983 4
1984 4
1985 4
1986 4
1987 4
1988 4
1989 4
1990 4
1991 4
1992 4
1993 4
1994 4
1995 4
1996 4
1997 4
1998 4
1999 4
