2141 2140 2000
0 2000 20
1 2000 20
2 2000 20
3 2000 20
4 2000 20
5 2000 20
6 2000 20
7 2000 20
8 2000 20
9 2000 20
10 2000 20
11 2000 20
12 2000 20
13 2000 20
14 2001 20
15 2001 20
16 2001 20
17 2001 20
18 2001 20
19 2001 20
20 2001 20
21 2001 20
22 2001 20
23 2001 20
24 2001 20
25 2001 20
26 2001 20
27 2001 20
28 2002 20
29 2002 20
30 2002 20
31 2002 20
32 2002 20
33 2002 20
34 2002 20
35 2002 20
36 2002 20
37 2002 20
38 2002 20
39 2002 20
40 2002 20
41 2002 20
42 2003 20
43 2003 20
44 2003 20
45 2003 20
46 2003 20
47 2003 20
48 2003 20
49 2003 20
50 2003 20
51 2003 20
52 2003 20
53 2003 20
54 2003 20
55 2003 20
56 2004 20
57 2004 20
58 2004 20
59 2004 20
60 2004 20
61 2004 20
62 2004 20
63 2004 20
64 2004 20
65 2004 20
66 2004 20
67 2004 20
68 2004 20
69 2004 20
70 2005 20
71 2005 20
72 2005 20
73 2005 20
74 2005 20
75 2005 20
76 2005 20
77 2005 20
78 2005 20
79 2005 20
80 2005 20
81 2005 20
82 2005 20
83 2005 20
84 2006 20
85 2006 20
86 2006 20
87 2006 20
88 2006 20
89 2006 20
90 2006 20
91 2006 20
92 2006 20
93 2006 20
94 2006 20
95 2006 20
96 2006 20
97 2006 20
98 2007 20
99 2007 20
100 2007 20
101 2007 20
102 2007 20
103 2007 20
104 2007 20
105 2007 20
106 2007 20
107 2007 20
108 2007 20
109 2007 20
110 2007 20
111 2007 20
112 2008 20
113 2008 20
114 2008 20
115 2008 20
116 2008 20
117 2008 20
118 2008 20
119 2008 20
120 2008 20
121 2008 20
122 2008 20
123 2008 20
124 2008 20
125 2008 20
126 2009 20
127 2009 20
128 2009 20
129 2009 20
130 2009 20
131 2009 20
132 2009 20
133 2009 20
134 2009 20
135 2009 20
136 2009 20
137 2009 20
138 2009 20
139 2009 20
140 2010 20
141 2010 20
142 2010 20
143 2010 20
144 2010 20
145 2010 20
146 2010 20
147 2010 20
148 2010 20
149 2010 20
150 2010 20
151 2010 20
152 2010 20
153 2010 20
154 2011 20
155 2011 20
156 2011 20
157 2011 20
158 2011 20
159 2011 20
160 2011 20
161 2011 20
162 2011 20
163 2011 20
164 2011 20
165 2011 20
166 2011 20
167 2011 20
168 2012 20
169 2012 20
170 2012 20
171 2012 20
172 2012 20
173 2012 20
174 2012 20
175 2012 20
176 2012 20
177 2012 20
178 2012 20
179 2012 20
180 2012 20
181 2012 20
182 2013 20
183 2013 20
184 2013 20
185 2013 20
186 2013 20
187 2013 20
188 2013 20
189 2013 20
190 2013 20
191 2013 20
192 2013 20
193 2013 20
194 2013 20
195 2013 20
196 2014 20
197 2014 20
198 2014 20
199 2014 20
200 2014 20
201 2014 20
202 2014 20
203 2014 20
204 2014 20
205 2014 20
206 2014 20
207 2014 20
208 2014 20
209 2014 20
210 2015 20
211 2015 20
212 2015 20
213 2015 20
214 2015 20
215 2015 20
216 2015 20
217 2015 20
218 2015 20
219 2015 20
220 2015 20
221 2015 20
222 2015 20
223 2015 20
224 2016 20
225 2016 20
226 2016 20
227 2016 20
228 2016 20
229 2016 20
230 2016 20
231 2016 20
232 2016 20
233 2016 20
234 2016 20
235 2016 20
236 2016 20
237 2016 20
238 2017 20
239 2017 20
240 2017 20
241 2017 20
242 2017 20
243 2017 20
244 2017 20
245 2017 20
246 2017 20
247 2017 20
248 2017 20
249 2017 20
250 2017 20
251 2017 20
252 2018 20
253 2018 20
254 2018 20
255 2018 20
256 2018 20
257 2018 20
258 2018 20
259 2018 20
260 2018 20
261 2018 20
262 2018 20
263 2018 20
264 2018 20
265 2018 20
266 2019 20
267 2019 20
268 2019 20
269 2019 20
270 2019 20
271 2019 20
272 2019 20
273 2019 20
274 2019 20
275 2019 20
276 2019 20
277 2019 20
278 2019 20
279 2019 20
280 2020 20
281 2020 20
282 2020 20
283 2020 20
284 2020 20
285 2020 20
286 2020 20
287 2020 20
288 2020 20
289 2020 20
290 2020 20
291 2020 20
292 2020 20
293 2020 20
294 2021 20
295 2021 20
296 2021 20
297 2021 20
298 2021 20
299 2021 20
300 2021 20
301 2021 20
302 2021 20
303 2021 20
304 2021 20
305 2021 20
306 2021 20
307 2021 20
308 2022 20
309 2022 20
310 2022 20
311 2022 20
312 2022 20
313 2022 20
314 2022 20
315 2022 20
316 2022 20
317 2022 20
318 2022 20
319 2022 20
320 2022 20
321 2022 20
322 2023 20
323 2023 20
324 2023 20
325 2023 20
326 2023 20
327 2023 20
328 2023 20
329 2023 20
330 2023 20
331 2023 20
332 2023 20
333 2023 20
334 2023 20
335 2023 20
336 2024 20
337 2024 20
338 2024 20
339 2024 20
340 2024 20
341 2024 20
342 2024 20
343 2024 20
344 2024 20
345 2024 20
346 2024 20
347 2024 20
348 2024 20
349 2024 20
350 2025 20
351 2025 20
352 2025 20
353 2025 20
354 2025 20
355 2025 20
356 2025 20
357 2025 20
358 2025 20
359 2025 20
360 2025 20
361 2025 20
362 2025 20
363 2025 20
364 2026 20
365 2026 20
366 2026 20
367 2026 20
368 2026 20
369 2026 20
370 2026 20
371 2026 20
372 2026 20
373 2026 20
374 2026 20
375 2026 20
376 2026 20
377 2026 20
378 2027 20
379 2027 20
380 2027 20
381 2027 20
382 2027 20
383 2027 20
384 2027 20
385 2027 20
386 2027 20
387 2027 20
388 2027 20
389 2027 20
390 2027 20
391 2027 20
392 2028 20
393 2028 20
394 2028 20
395 2028 20
396 2028 20
397 2028 20
398 2028 20
399 2028 20
400 2028 20
401 2028 20
402 2028 20
403 2028 20
404 2028 20
405 2028 20
406 2029 20
407 2029 20
408 2029 20
409 2029 20
410 2029 20
411 2029 20
412 2029 20
413 2029 20
414 2029 20
415 2029 20
416 2029 20
417 2029 20
418 2029 20
419 2029 20
420 2030 20
421 2030 20
422 2030 20
423 2030 20
424 2030 20
425 2030 20
426 2030 20
427 2030 20
428 2030 20
429 2030 20
430 2030 20
431 2030 20
432 2030 20
433 2030 20
434 2031 20
435 2031 20
436 2031 20
437 2031 20
438 2031 20
439 2031 20
440 2031 20
441 2031 20
442 2031 20
443 2031 20
444 2031 20
445 2031 20
446 2031 20
447 2031 20
448 2032 20
449 2032 20
450 2032 20
451 2032 20
452 2032 20
453 2032 20
454 2032 20
455 2032 20
456 2032 20
457 2032 20
458 2032 20
459 2032 20
460 2032 20
461 2032 20
462 2033 20
463 2033 20
464 2033 20
465 2033 20
466 2033 20
467 2033 20
468 2033 20
469 2033 20
470 2033 20
471 2033 20
472 2033 20
473 2033 20
474 2033 20
475 2033 20
476 2034 20
477 2034 20
478 2034 20
479 2034 20
480 2034 20
481 2034 20
482 2034 20
483 2034 20
484 2034 20
485 2034 20
486 2034 20
487 2034 20
488 2034 20
489 2034 20
490 2035 20
491 2035 20
492 2035 20
493 2035 20
494 2035 20
495 2035 20
496 2035 20
497 2035 20
498 2035 20
499 2035 20
500 2035 20
501 2035 20
502 2035 20
503 2035 20
504 2036 20
505 2036 20
506 2036 20
507 2036 20
508 2036 20
509 2036 20
510 2036 20
511 2036 20
512 2036 20
513 2036 20
514 2036 20
515 2036 20
516 2036 20
517 2036 20
518 2037 20
519 2037 20
520 2037 20
521 2037 20
522 2037 20
523 2037 20
524 2037 20
525 2037 20
526 2037 20
527 2037 20
528 2037 20
529 2037 20
530 2037 20
531 2037 20
532 2038 20
533 2038 20
534 2038 20
535 2038 20
536 2038 20
537 2038 20
538 2038 20
539 2038 20
540 2038 20
541 2038 20
542 2038 20
543 2038 20
544 2038 20
545 2038 20
546 2039 20
547 2039 20
548 2039 20
549 2039 20
550 2039 20
551 2039 20
552 2039 20
553 2039 20
554 2039 20
555 2039 20
556 2039 20
557 2039 20
558 2039 20
559 2039 20
560 2040 20
561 2040 20
562 2040 20
563 2040 20
564 2040 20
565 2040 20
566 2040 20
567 2040 20
568 2040 20
569 2040 20
570 2040 20
571 2040 20
572 2040 20
573 2040 20
574 2041 20
575 2041 20
576 2041 20
577 2041 20
578 2041 20
579 2041 20
580 2041 20
581 2041 20
582 2041 20
583 2041 20
584 2041 20
585 2041 20
586 2041 20
587 2041 20
588 2042 20
589 2042 20
590 2042 20
591 2042 20
592 2042 20
593 2042 20
594 2042 20
595 2042 20
596 2042 20
597 2042 20
598 2042 20
599 2042 20
600 2042 20
601 2042 20
602 2043 20
603 2043 20
604 2043 20
605 2043 20
606 2043 20
607 2043 20
608 2043 20
609 2043 20
610 2043 20
611 2043 20
612 2043 20
613 2043 20
614 2043 20
615 2043 20
616 2044 20
617 2044 20
618 2044 20
619 2044 20
620 2044 20
621 2044 20
622 2044 20
623 2044 20
624 2044 20
625 2044 20
626 2044 20
627 2044 20
628 2044 20
629 2044 20
630 2045 20
631 2045 20
632 2045 20
633 2045 20
634 2045 20
635 2045 20
636 2045 20
637 2045 20
638 2045 20
639 2045 20
640 2045 20
641 2045 20
642 2045 20
643 2045 20
644 2046 20
645 2046 20
646 2046 20
647 2046 20
648 2046 20
649 2046 20
650 2046 20
651 2046 20
652 2046 20
653 2046 20
654 2046 20
655 2046 20
656 2046 20
657 2046 20
658 2047 20
659 2047 20
660 2047 20
661 2047 20
662 2047 20
663 2047 20
664 2047 20
665 2047 20
666 2047 20
667 2047 20
668 2047 20
669 2047 20
670 2047 20
671 2047 20
672 2048 20
673 2048 20
674 2048 20
675 2048 20
676 2048 20
677 2048 20
678 2048 20
679 2048 20
680 2048 20
681 2048 20
682 2048 20
683 2048 20
684 2048 20
685 2048 20
686 2049 20
687 2049 20
688 2049 20
689 2049 20
690 2049 20
691 2049 20
692 2049 20
693 2049 20
694 2049 20
695 2049 20
696 2049 20
697 2049 20
698 2049 20
699 2049 20
700 2050 20
701 2050 20
702 2050 20
703 2050 20
704 2050 20
705 2050 20
706 2050 20
707 2050 20
708 2050 20
709 2050 20
710 2050 20
711 2050 20
712 2050 20
713 2050 20
714 2051 20
715 2051 20
716 2051 20
717 2051 20
718 2051 20
719 2051 20
720 2051 20
721 2051 20
722 2051 20
723 2051 20
724 2051 20
725 2051 20
726 2051 20
727 2051 20
728 2052 20
729 2052 20
730 2052 20
731 2052 20
732 2052 20
733 2052 20
734 2052 20
735 2052 20
736 2052 20
737 2052 20
738 2052 20
739 2052 20
740 2052 20
741 2052 20
742 2053 20
743 2053 20
744 2053 20
745 2053 20
746 2053 20
747 2053 20
748 2053 20
749 2053 20
750 2053 20
751 2053 20
752 2053 20
753 2053 20
754 2053 20
755 2053 20
756 2054 20
757 2054 20
758 2054 20
759 2054 20
760 2054 20
761 2054 20
762 2054 20
763 2054 20
764 2054 20
765 2054 20
766 2054 20
767 2054 20
768 2054 20
769 2054 20
770 2055 20
771 2055 20
772 2055 20
773 2055 20
774 2055 20
775 2055 20
776 2055 20
777 2055 20
778 2055 20
779 2055 20
780 2055 20
781 2055 20
782 2055 20
783 2055 20
784 2056 20
785 2056 20
786 2056 20
787 2056 20
788 2056 20
789 2056 20
790 2056 20
791 2056 20
792 2056 20
793 2056 20
794 2056 20
795 2056 20
796 2056 20
797 2056 20
798 2057 20
799 2057 20
800 2057 20
801 2057 20
802 2057 20
803 2057 20
804 2057 20
805 2057 20
806 2057 20
807 2057 20
808 2057 20
809 2057 20
810 2057 20
811 2057 20
812 2058 20
813 2058 20
814 2058 20
815 2058 20
816 2058 20
817 2058 20
818 2058 20
819 2058 20
820 2058 20
821 2058 20
822 2058 20
823 2058 20
824 2058 20
825 2058 20
826 2059 20
827 2059 20
828 2059 20
829 2059 20
830 2059 20
831 2059 20
832 2059 20
833 2059 20
834 2059 20
835 2059 20
836 2059 20
837 2059 20
838 2059 20
839 2059 20
840 2060 20
841 2060 20
842 2060 20
843 2060 20
844 2060 20
845 2060 20
846 2060 20
847 2060 20
848 2060 20
849 2060 20
850 2060 20
851 2060 20
852 2060 20
853 2060 20
854 2061 20
855 2061 20
856 2061 20
857 2061 20
858 2061 20
859 2061 20
860 2061 20
861 2061 20
862 2061 20
863 2061 20
864 2061 20
865 2061 20
866 2061 20
867 2061 20
868 2062 20
869 2062 20
870 2062 20
871 2062 20
872 2062 20
873 2062 20
874 2062 20
875 2062 20
876 2062 20
877 2062 20
878 2062 20
879 2062 20
880 2062 20
881 2062 20
882 2063 20
883 2063 20
884 2063 20
885 2063 20
886 2063 20
887 2063 20
888 2063 20
889 2063 20
890 2063 20
891 2063 20
892 2063 20
893 2063 20
894 2063 20
895 2063 20
896 2064 20
897 2064 20
898 2064 20
899 2064 20
900 2064 20
901 2064 20
902 2064 20
903 2064 20
904 2064 20
905 2064 20
906 2064 20
907 2064 20
908 2064 20
909 2064 20
910 2065 20
911 2065 20
912 2065 20
913 2065 20
914 2065 20
915 2065 20
916 2065 20
917 2065 20
918 2065 20
919 2065 20
920 2065 20
921 2065 20
922 2065 20
923 2065 20
924 2066 20
925 2066 20
926 2066 20
927 2066 20
928 2066 20
929 2066 20
930 2066 20
931 2066 20
932 2066 20
933 2066 20
934 2066 20
935 2066 20
936 2066 20
937 2066 20
938 2067 20
939 2067 20
940 2067 20
941 2067 20
942 2067 20
943 2067 20
944 2067 20
945 2067 20
946 2067 20
947 2067 20
948 2067 20
949 2067 20
950 2067 20
951 2067 20
952 2068 20
953 2068 20
954 2068 20
955 2068 20
956 2068 20
957 2068 20
958 2068 20
959 2068 20
960 2068 20
961 2068 20
962 2068 20
963 2068 20
964 2068 20
965 2068 20
966 2069 20
967 2069 20
968 2069 20
969 2069 20
970 2069 20
971 2069 20
972 2069 20
973 2069 20
974 2069 20
975 2069 20
976 2069 20
977 2069 20
978 2069 20
979 2069 20
980 2070 20
981 2070 20
982 2070 20
983 2070 20
984 2070 20
985 2070 20
986 2070 20
987 2070 20
988 2070 20
989 2070 20
990 2070 20
991 2070 20
992 2070 20
993 2070 20
994 2071 20
995 2071 20
996 2071 20
997 2071 20
998 2071 20
999 2071 20
1000 2071 20
1001 2071 20
1002 2071 20
1003 2071 20
1004 2071 20
1005 2071 20
1006 2071 20
1007 2071 20
1008 2072 20
1009 2072 20
1010 2072 20
1011 2072 20
1012 2072 20
1013 2072 20
1014 2072 20
1015 2072 20
1016 2072 20
1017 2072 20
1018 2072 20
1019 2072 20
1020 2072 20
1021 2072 20
1022 2073 20
1023 2073 20
1024 2073 20
1025 2073 20
1026 2073 20
1027 2073 20
1028 2073 20
1029 2073 20
1030 2073 20
1031 2073 20
1032 2073 20
1033 2073 20
1034 2073 20
1035 2073 20
1036 2074 20
1037 2074 20
1038 2074 20
1039 2074 20
1040 2074 20
1041 2074 20
1042 2074 20
1043 2074 20
1044 2074 20
1045 2074 20
1046 2074 20
1047 2074 20
1048 2074 20
1049 2074 20
1050 2075 20
1051 2075 20
1052 2075 20
1053 2075 20
1054 2075 20
1055 2075 20
1056 2075 20
1057 2075 20
1058 2075 20
1059 2075 20
1060 2075 20
1061 2075 20
1062 2075 20
1063 2075 20
1064 2076 20
1065 2076 20
1066 2076 20
1067 2076 20
1068 2076 20
1069 2076 20
1070 2076 20
1071 2076 20
1072 2076 20
1073 2076 20
1074 2076 20
1075 2076 20
1076 2076 20
1077 2076 20
1078 2077 20
1079 2077 20
1080 2077 20
1081 2077 20
1082 2077 20
1083 2077 20
1084 2077 20
1085 2077 20
1086 2077 20
1087 2077 20
1088 2077 20
1089 2077 20
1090 2077 20
1091 2077 20
1092 2078 20
1093 2078 20
1094 2078 20
1095 2078 20
1096 2078 20
1097 2078 20
1098 2078 20
1099 2078 20
1100 2078 20
1101 2078 20
1102 2078 20
1103 2078 20
1104 2078 20
1105 2078 20
1106 2079 20
1107 2079 20
1108 2079 20
1109 2079 20
1110 2079 20
1111 2079 20
1112 2079 20
1113 2079 20
1114 2079 20
1115 2079 20
1116 2079 20
1117 2079 20
1118 2079 20
1119 2079 20
1120 2080 20
1121 2080 20
1122 2080 20
1123 2080 20
1124 2080 20
1125 2080 20
1126 2080 20
1127 2080 20
1128 2080 20
1129 2080 20
1130 2080 20
1131 2080 20
1132 2080 20
1133 2080 20
1134 2081 20
1135 2081 20
1136 2081 20
1137 2081 20
1138 2081 20
1139 2081 20
1140 2081 20
1141 2081 20
1142 2081 20
1143 2081 20
1144 2081 20
1145 2081 20
1146 2081 20
1147 2081 20
1148 2082 20
1149 2082 20
1150 2082 20
1151 2082 20
1152 2082 20
1153 2082 20
1154 2082 20
1155 2082 20
1156 2082 20
1157 2082 20
1158 2082 20
1159 2082 20
1160 2082 20
1161 2082 20
1162 2083 20
1163 2083 20
1164 2083 20
1165 2083 20
1166 2083 20
1167 2083 20
1168 2083 20
1169 2083 20
1170 2083 20
1171 2083 20
1172 2083 20
1173 2083 20
1174 2083 20
1175 2083 20
1176 2084 20
1177 2084 20
1178 2084 20
1179 2084 20
1180 2084 20
1181 2084 20
1182 2084 20
1183 2084 20
1184 2084 20
1185 2084 20
1186 2084 20
1187 2084 20
1188 2084 20
1189 2084 20
1190 2085 20
1191 2085 20
1192 2085 20
1193 2085 20
1194 2085 20
1195 2085 20
1196 2085 20
1197 2085 20
1198 2085 20
1199 2085 20
1200 2085 20
1201 2085 20
1202 2085 20
1203 2085 20
1204 2086 20
1205 2086 20
1206 2086 20
1207 2086 20
1208 2086 20
1209 2086 20
1210 2086 20
1211 2086 20
1212 2086 20
1213 2086 20
1214 2086 20
1215 2086 20
1216 2086 20
1217 2086 20
1218 2087 20
1219 2087 20
1220 2087 20
1221 2087 20
1222 2087 20
1223 2087 20
1224 2087 20
1225 2087 20
1226 2087 20
1227 2087 20
1228 2087 20
1229 2087 20
1230 2087 20
1231 2087 20
1232 2088 20
1233 2088 20
1234 2088 20
1235 2088 20
1236 2088 20
1237 2088 20
1238 2088 20
1239 2088 20
1240 2088 20
1241 2088 20
1242 2088 20
1243 2088 20
1244 2088 20
1245 2088 20
1246 2089 20
1247 2089 20
1248 2089 20
1249 2089 20
1250 2089 20
1251 2089 20
1252 2089 20
1253 2089 20
1254 2089 20
1255 2089 20
1256 2089 20
1257 2089 20
1258 2089 20
1259 2089 20
1260 2090 20
1261 2090 20
1262 2090 20
1263 2090 20
1264 2090 20
1265 2090 20
1266 2090 20
1267 2090 20
1268 2090 20
1269 2090 20
1270 2090 20
1271 2090 20
1272 2090 20
1273 2090 20
1274 2091 20
1275 2091 20
1276 2091 20
1277 2091 20
1278 2091 20
1279 2091 20
1280 2091 20
1281 2091 20
1282 2091 20
1283 2091 20
1284 2091 20
1285 2091 20
1286 2091 20
1287 2091 20
1288 2092 20
1289 2092 20
1290 2092 20
1291 2092 20
1292 2092 20
1293 2092 20
1294 2092 20
1295 2092 20
1296 2092 20
1297 2092 20
1298 2092 20
1299 2092 20
1300 2092 20
1301 2092 20
1302 2093 20
1303 2093 20
1304 2093 20
1305 2093 20
1306 2093 20
1307 2093 20
1308 2093 20
1309 2093 20
1310 2093 20
1311 2093 20
1312 2093 20
1313 2093 20
1314 2093 20
1315 2093 20
1316 2094 20
1317 2094 20
1318 2094 20
1319 2094 20
1320 2094 20
1321 2094 20
1322 2094 20
1323 2094 20
1324 2094 20
1325 2094 20
1326 2094 20
1327 2094 20
1328 2094 20
1329 2094 20
1330 2095 20
1331 2095 20
1332 2095 20
1333 2095 20
1334 2095 20
1335 2095 20
1336 2095 20
1337 2095 20
1338 2095 20
1339 2095 20
1340 2095 20
1341 2095 20
1342 2095 20
1343 2095 20
1344 2096 20
1345 2096 20
1346 2096 20
1347 2096 20
1348 2096 20
1349 2096 20
1350 2096 20
1351 2096 20
1352 2096 20
1353 2096 20
1354 2096 20
1355 2096 20
1356 2096 20
1357 2096 20
1358 2097 20
1359 2097 20
1360 2097 20
1361 2097 20
1362 2097 20
1363 2097 20
1364 2097 20
1365 2097 20
1366 2097 20
1367 2097 20
1368 2097 20
1369 2097 20
1370 2097 20
1371 2097 20
1372 2098 20
1373 2098 20
1374 2098 20
1375 2098 20
1376 2098 20
1377 2098 20
1378 2098 20
1379 2098 20
1380 2098 20
1381 2098 20
1382 2098 20
1383 2098 20
1384 2098 20
1385 2098 20
1386 2099 20
1387 2099 20
1388 2099 20
1389 2099 20
1390 2099 20
1391 2099 20
1392 2099 20
1393 2099 20
1394 2099 20
1395 2099 20
1396 2099 20
1397 2099 20
1398 2099 20
1399 2099 20
1400 2100 20
1401 2100 20
1402 2100 20
1403 2100 20
1404 2100 20
1405 2100 20
1406 2100 20
1407 2100 20
1408 2100 20
1409 2100 20
1410 2100 20
1411 2100 20
1412 2100 20
1413 2100 20
1414 2101 20
1415 2101 20
1416 2101 20
1417 2101 20
1418 2101 20
1419 2101 20
1420 2101 20
1421 2101 20
1422 2101 20
1423 2101 20
1424 2101 20
1425 2101 20
1426 2101 20
1427 2101 20
1428 2102 20
1429 2102 20
1430 2102 20
1431 2102 20
1432 2102 20
1433 2102 20
1434 2102 20
1435 2102 20
1436 2102 20
1437 2102 20
1438 2102 20
1439 2102 20
1440 2102 20
1441 2102 20
1442 2103 20
1443 2103 20
1444 2103 20
1445 2103 20
1446 2103 20
1447 2103 20
1448 2103 20
1449 2103 20
1450 2103 20
1451 2103 20
1452 2103 20
1453 2103 20
1454 2103 20
1455 2103 20
1456 2104 20
1457 2104 20
1458 2104 20
1459 2104 20
1460 2104 20
1461 2104 20
1462 2104 20
1463 2104 20
1464 2104 20
1465 2104 20
1466 2104 20
1467 2104 20
1468 2104 20
1469 2104 20
1470 2105 20
1471 2105 20
1472 2105 20
1473 2105 20
1474 2105 20
1475 2105 20
1476 2105 20
1477 2105 20
1478 2105 20
1479 2105 20
1480 2105 20
1481 2105 20
1482 2105 20
1483 2105 20
1484 2106 20
1485 2106 20
1486 2106 20
1487 2106 20
1488 2106 20
1489 2106 20
1490 2106 20
1491 2106 20
1492 2106 20
1493 2106 20
1494 2106 20
1495 2106 20
1496 2106 20
1497 2106 20
1498 2107 20
1499 2107 20
1500 2107 20
1501 2107 20
1502 2107 20
1503 2107 20
1504 2107 20
1505 2107 20
1506 2107 20
1507 2107 20
1508 2107 20
1509 2107 20
1510 2107 20
1511 2107 20
1512 2108 20
1513 2108 20
1514 2108 20
1515 2108 20
1516 2108 20
1517 2108 20
1518 2108 20
1519 2108 20
1520 2108 20
1521 2108 20
1522 2108 20
1523 2108 20
1524 2108 20
1525 2108 20
1526 2109 20
1527 2109 20
1528 2109 20
1529 2109 20
1530 2109 20
1531 2109 20
1532 2109 20
1533 2109 20
1534 2109 20
1535 2109 20
1536 2109 20
1537 2109 20
1538 2109 20
1539 2109 20
1540 2110 20
1541 2110 20
1542 2110 20
1543 2110 20
1544 2110 20
1545 2110 20
1546 2110 20
1547 2110 20
1548 2110 20
1549 2110 20
1550 2110 20
1551 2110 20
1552 2110 20
1553 2110 20
1554 2111 20
1555 2111 20
1556 2111 20
1557 2111 20
1558 2111 20
1559 2111 20
1560 2111 20
1561 2111 20
1562 2111 20
1563 2111 20
1564 2111 20
1565 2111 20
1566 2111 20
1567 2111 20
1568 2112 20
1569 2112 20
1570 2112 20
1571 2112 20
1572 2112 20
1573 2112 20
1574 2112 20
1575 2112 20
1576 2112 20
1577 2112 20
1578 2112 20
1579 2112 20
1580 2112 20
1581 2112 20
1582 2113 20
1583 2113 20
1584 2113 20
1585 2113 20
1586 2113 20
1587 2113 20
1588 2113 20
1589 2113 20
1590 2113 20
1591 2113 20
1592 2113 20
1593 2113 20
1594 2113 20
1595 2113 20
1596 2114 20
1597 2114 20
1598 2114 20
1599 2114 20
1600 2114 20
1601 2114 20
1602 2114 20
1603 2114 20
1604 2114 20
1605 2114 20
1606 2114 20
1607 2114 20
1608 2114 20
1609 2114 20
1610 2115 20
1611 2115 20
1612 2115 20
1613 2115 20
1614 2115 20
1615 2115 20
1616 2115 20
1617 2115 20
1618 2115 20
1619 2115 20
1620 2115 20
1621 2115 20
1622 2115 20
1623 2115 20
1624 2116 20
1625 2116 20
1626 2116 20
1627 2116 20
1628 2116 20
1629 2116 20
1630 2116 20
1631 2116 20
1632 2116 20
1633 2116 20
1634 2116 20
1635 2116 20
1636 2116 20
1637 2116 20
1638 2117 20
1639 2117 20
1640 2117 20
1641 2117 20
1642 2117 20
1643 2117 20
1644 2117 20
1645 2117 20
1646 2117 20
1647 2117 20
1648 2117 20
1649 2117 20
1650 2117 20
1651 2117 20
1652 2118 20
1653 2118 20
1654 2118 20
1655 2118 20
1656 2118 20
1657 2118 20
1658 2118 20
1659 2118 20
1660 2118 20
1661 2118 20
1662 2118 20
1663 2118 20
1664 2118 20
1665 2118 20
1666 2119 20
1667 2119 20
1668 2119 20
1669 2119 20
1670 2119 20
1671 2119 20
1672 2119 20
1673 2119 20
1674 2119 20
1675 2119 20
1676 2119 20
1677 2119 20
1678 2119 20
1679 2119 20
1680 2120 20
1681 2120 20
1682 2120 20
1683 2120 20
1684 2120 20
1685 2120 20
1686 2120 20
1687 2120 20
1688 2120 20
1689 2120 20
1690 2120 20
1691 2120 20
1692 2120 20
1693 2120 20
1694 2121 20
1695 2121 20
1696 2121 20
1697 2121 20
1698 2121 20
1699 2121 20
1700 2121 20
1701 2121 20
1702 2121 20
1703 2121 20
1704 2121 20
1705 2121 20
1706 2121 20
1707 2121 20
1708 2122 20
1709 2122 20
1710 2122 20
1711 2122 20
1712 2122 20
1713 2122 20
1714 2122 20
1715 2122 20
1716 2122 20
1717 2122 20
1718 2122 20
1719 2122 20
1720 2122 20
1721 2122 20
1722 2123 20
1723 2123 20
1724 2123 20
1725 2123 20
1726 2123 20
1727 2123 20
1728 2123 20
1729 2123 20
1730 2123 20
1731 2123 20
1732 2123 20
1733 2123 20
1734 2123 20
1735 2123 20
1736 2124 20
1737 2124 20
1738 2124 20
1739 2124 20
1740 2124 20
1741 2124 20
1742 2124 20
1743 2124 20
1744 2124 20
1745 2124 20
1746 2124 20
1747 2124 20
1748 2124 20
1749 2124 20
1750 2125 20
1751 2125 20
1752 2125 20
1753 2125 20
1754 2125 20
1755 2125 20
1756 2125 20
1757 2125 20
1758 2125 20
1759 2125 20
1760 2125 20
1761 2125 20
1762 2125 20
1763 2125 20
1764 2126 20
1765 2126 20
1766 2126 20
1767 2126 20
1768 2126 20
1769 2126 20
1770 2126 20
1771 2126 20
1772 2126 20
1773 2126 20
1774 2126 20
1775 2126 20
1776 2126 20
1777 2126 20
1778 2127 20
1779 2127 20
1780 2127 20
1781 2127 20
1782 2127 20
1783 2127 20
1784 2127 20
1785 2127 20
1786 2127 20
1787 2127 20
1788 2127 20
1789 2127 20
1790 2127 20
1791 2127 20
1792 2128 20
1793 2128 20
1794 2128 20
1795 2128 20
1796 2128 20
1797 2128 20
1798 2128 20
1799 2128 20
1800 2128 20
1801 2128 20
1802 2128 20
1803 2128 20
1804 2128 20
1805 2128 20
1806 2129 20
1807 2129 20
1808 2129 20
1809 2129 20
1810 2129 20
1811 2129 20
1812 2129 20
1813 2129 20
1814 2129 20
1815 2129 20
1816 2129 20
1817 2129 20
1818 2129 20
1819 2129 20
1820 2130 20
1821 2130 20
1822 2130 20
1823 2130 20
1824 2130 20
1825 2130 20
1826 2130 20
1827 2130 20
1828 2130 20
1829 2130 20
1830 2130 20
1831 2130 20
1832 2130 20
1833 2130 20
1834 2131 20
1835 2131 20
1836 2131 20
1837 2131 20
1838 2131 20
1839 2131 20
1840 2131 20
1841 2131 20
1842 2131 20
1843 2131 20
1844 2131 20
1845 2131 20
1846 2131 20
1847 2131 20
1848 2132 20
1849 2132 20
1850 2132 20
1851 2132 20
1852 2132 20
1853 2132 20
1854 2132 20
1855 2132 20
1856 2132 20
1857 2132 20
1858 2132 20
1859 2132 20
1860 2132 20
1861 2132 20
1862 2133 20
1863 2133 20
1864 2133 20
1865 2133 20
1866 2133 20
1867 2133 20
1868 2133 20
1869 2133 20
1870 2133 20
1871 2133 20
1872 2133 20
1873 2133 20
1874 2133 20
1875 2133 20
1876 2134 20
1877 2134 20
1878 2134 20
1879 2134 20
1880 2134 20
1881 2134 20
1882 2134 20
1883 2134 20
1884 2134 20
1885 2134 20
1886 2134 20
1887 2134 20
1888 2134 20
1889 2134 20
1890 2135 20
1891 2135 20
1892 2135 20
1893 2135 20
1894 2135 20
1895 2135 20
1896 2135 20
1897 2135 20
1898 2135 20
1899 2135 20
1900 2135 20
1901 2135 20
1902 2135 20
1903 2135 20
1904 2136 20
1905 2136 20
1906 2136 20
1907 2136 20
1908 2136 20
1909 2136 20
1910 2136 20
1911 2136 20
1912 2136 20
1913 2136 20
1914 2136 20
1915 2136 20
1916 2136 20
1917 2136 20
1918 2137 20
1919 2137 20
1920 2137 20
1921 2137 20
1922 2137 20
1923 2137 20
1924 2137 20
1925 2137 20
1926 2137 20
1927 2137 20
1928 2137 20
1929 2137 20
1930 2137 20
1931 2137 20
1932 2138 20
1933 2138 20
1934 2138 20
1935 2138 20
1936 2138 20
1937 2138 20
1938 2138 20
1939 2138 20
1940 2138 20
1941 2138 20
1942 2138 20
1943 2138 20
1944 2138 20
1945 2138 20
1946 2139 20
1947 2139 20
1948 2139 20
1949 2139 20
1950 2139 20
1951 2139 20
1952 2139 20
1953 2139 20
1954 2139 20
1955 2139 20
1956 2139 20
1957 2139 20
1958 2139 20
1959 2139 20
1960 2139 20
1961 2139 20
1962 2139 20
1963 2139 20
1964 2139 20
1965 2139 20
1966 2139 20
1967 2139 20
1968 2139 20
1969 2139 20
1970 2139 20
1971 2139 20
1972 2139 20
1973 2139 20
1974 2139 20
1975 2139 20
1976 2139 20
1977 2139 20
1978 2139 20
1979 2139 20
1980 2139 20
1981 2139 20
1982 2139 20
1983 2139 20
1984 2139 20
1985 2139 20
1986 2139 20
1987 2139 20
1988 2139 20
1989 2139 20
1990 2139 20
1991 2139 20
1992 2139 20
1993 2139 20
1994 2139 20
1995 2139 20
1996 2139 20
1997 2139 20
1998 2139 20
1999 2139 20
2000 2140 200
2001 2140 200
2002 2140 200
2003 2140 200
2004 2140 200
2005 2140 200
2006 2140 200
2007 2140 200
2008 2140 200
2009 2140 200
2010 2140 200
2011 2140 200
2012 2140 200
2013 2140 200
2014 2140 200
2015 2140 200
2016 2140 200
2017 2140 200
2018 2140 200
2019 2140 200
2020 2140 200
2021 2140 200
2022 2140 200
2023 2140 200
2024 2140 200
2025 2140 200
2026 2140 200
2027 2140 200
2028 2140 200
2029 2140 200
2030 2140 200
2031 2140 200
2032 2140 200
2033 2140 200
2034 2140 200
2035 2140 200
2036 2140 200
2037 2140 200
2038 2140 200
2039 2140 200
2040 2140 200
2041 2140 200
2042 2140 200
2043 2140 200
2044 2140 200
2045 2140 200
2046 2140 200
2047 2140 200
2048 2140 200
2049 2140 200
2050 2140 200
2051 2140 200
2052 2140 200
2053 2140 200
2054 2140 200
2055 2140 200
2056 2140 200
2057 2140 200
2058 2140 200
2059 2140 200
2060 2140 200
2061 2140 200
2062 2140 200
2063 2140 200
2064 2140 200
2065 2140 200
2066 2140 200
2067 2140 200
2068 2140 200
2069 2140 200
2070 2140 200
2071 2140 200
2072 2140 200
2073 2140 200
2074 2140 200
2075 2140 200
2076 2140 200
2077 2140 200
2078 2140 200
2079 2140 200
2080 2140 200
2081 2140 200
2082 2140 200
2083 2140 200
2084 2140 200
2085 2140 200
2086 2140 200
2087 2140 200
2088 2140 200
2089 2140 200
2090 2140 200
2091 2140 200
2092 2140 200
2093 2140 200
2094 2140 200
2095 2140 200
2096 2140 200
2097 2140 200
2098 2140 200
2099 2140 200
2100 2140 200
2101 2140 200
2102 2140 200
2103 2140 200
2104 2140 200
2105 2140 200
2106 2140 200
2107 2140 200
2108 2140 200
2109 2140 200
2110 2140 200
2111 2140 200
2112 2140 200
2113 2140 200
2114 2140 200
2115 2140 200
2116 2140 200
2117 2140 200
2118 2140 200
2119 2140 200
2120 2140 200
2121 2140 200
2122 2140 200
2123 2140 200
2124 2140 200
2125 2140 200
2126 2140 200
2127 2140 200
2128 2140 200
2129 2140 200
2130 2140 200
2131 2140 200
2132 2140 200
2133 2140 200
2134 2140 200
2135 2140 200
2136 2140 200
2137 2140 200
2138 2140 200
2139 2140 200
0 16
1 16
2 16
3 16
4 16
5 16
6 16
7 16
8 16
9 16
10 16
11 16
12 16
13 16
14 16
15 16
16 16
17 16
18 16
19 16
20 16
21 16
22 16
23 16
24 16
25 16
26 16
27 16
28 16
29 16
30 16
31 16
32 16
33 16
34 16
35 16
36 16
37 16
38 16
39 16
40 16
41 16
42 16
43 16
44 16
45 16
46 16
47 16
48 16
49 16
50 16
51 16
52 16
53 16
54 16
55 16
56 16
57 16
58 16
59 16
60 16
61 16
62 16
63 16
64 16
65 16
66 16
67 16
68 16
69 16
70 16
71 16
72 16
73 16
74 16
75 16
76 16
77 16
78 16
79 16
80 16
81 16
82 16
83 16
84 16
85 16
86 16
87 16
88 16
89 16
90 16
91 16
92 16
93 16
94 16
95 16
96 16
97 16
98 16
99 16
100 16
101 16
102 16
103 16
104 16
105 16
106 16
107 16
108 16
109 16
110 16
111 16
112 16
113 16
114 16
115 16
116 16
117 16
118 16
119 16
120 16
121 16
122 16
123 16
124 16
125 16
126 16
127 16
128 16
129 16
130 16
131 16
132 16
133 16
134 16
135 16
136 16
137 16
138 16
139 16
140 16
141 16
142 16
143 16
144 16
145 16
146 16
147 16
148 16
149 16
150 16
151 16
152 16
153 16
154 16
155 16
156 16
157 16
158 16
159 16
160 16
161 16
162 16
163 16
164 16
165 16
166 16
167 16
168 16
169 16
170 16
171 16
172 16
173 16
174 16
175 16
176 16
177 16
178 16
179 16
180 16
181 16
182 16
183 16
184 16
185 16
186 16
187 16
188 16
189 16
190 16
191 16
192 16
193 16
194 16
195 16
196 16
197 16
198 16
199 16
200 16
201 16
202 16
203 16
204 16
205 16
206 16
207 16
208 16
209 16
210 16
211 16
212 16
213 16
214 16
215 16
216 16
217 16
218 16
219 16
220 16
221 16
222 16
223 16
224 16
225 16
226 16
227 16
228 16
229 16
230 16
231 16
232 16
233 16
234 16
235 16
236 16
237 16
238 16
239 16
240 16
241 16
242 16
243 16
244 16
245 16
246 16
247 16
248 16
249 16
250 16
251 16
252 16
253 16
254 16
255 16
256 16
257 16
258 16
259 16
260 16
261 16
262 16
263 16
264 16
265 16
266 16
267 16
268 16
269 16
270 16
271 16
272 16
273 16
274 16
275 16
276 16
277 16
278 16
279 16
280 16
281 16
282 16
283 16
284 16
285 16
286 16
287 16
288 16
289 16
290 16
291 16
292 16
293 16
294 16
295 16
296 16
297 16
298 16
299 16
300 16
301 16
302 16
303 16
304 16
305 16
306 16
307 16
308 16
309 16
310 16
311 16
312 16
313 16
314 16
315 16
316 16
317 16
318 16
319 16
320 16
321 16
322 16
323 16
324 16
325 16
326 16
327 16
328 16
329 16
330 16
331 16
332 16
333 16
334 16
335 16
336 16
337 16
338 16
339 16
340 16
341 16
342 16
343 16
344 16
345 16
346 16
347 16
348 16
349 16
350 16
351 16
352 16
353 16
354 16
355 16
356 16
357 16
358 16
359 16
360 16
361 16
362 16
363 16
364 16
365 16
366 16
367 16
368 16
369 16
370 16
371 16
372 16
373 16
374 16
375 16
376 16
377 16
378 16
379 16
380 16
381 16
382 16
383 16
384 16
385 16
386 16
387 16
388 16
389 16
390 16
391 16
392 16
393 16
394 16
395 16
396 16
397 16
398 16
399 16
400 16
401 16
402 16
403 16
404 16
405 16
406 16
407 16
408 16
409 16
410 16
411 16
412 16
413 16
414 16
415 16
416 16
417 16
418 16
419 16
420 16
421 16
422 16
423 16
424 16
425 16
426 16
427 16
428 16
429 16
430 16
431 16
432 16
433 16
434 16
435 16
436 16
437 16
438 16
439 16
440 16
441 16
442 16
443 16
444 16
445 16
446 16
447 16
448 16
449 16
450 16
451 16
452 16
453 16
454 16
455 16
456 16
457 16
458 16
459 16
460 16
461 16
462 16
463 16
464 16
465 16
466 16
467 16
468 16
469 16
470 16
471 16
472 16
473 16
474 16
475 16
476 16
477 16
478 16
479 16
480 16
481 16
482 16
483 16
484 16
485 16
486 16
487 16
488 16
489 16
490 16
491 16
492 16
493 16
494 16
495 16
496 16
497 16
498 16
499 16
500 16
501 16
502 16
503 16
504 16
505 16
506 16
507 16
508 16
509 16
510 16
511 16
512 16
513 16
514 16
515 16
516 16
517 16
518 16
519 16
520 16
521 16
522 16
523 16
524 16
525 16
526 16
527 16
528 16
529 16
530 16
531 16
532 16
533 16
534 16
535 16
536 16
537 16
538 16
539 16
540 16
541 16
542 16
543 16
544 16
545 16
546 16
547 16
548 16
549 16
550 16
551 16
552 16
553 16
554 16
555 16
556 16
557 16
558 16
559 16
560 16
561 16
562 16
563 16
564 16
565 16
566 16
567 16
568 16
569 16
570 16
571 16
572 16
573 16
574 16
575 16
576 16
577 16
578 16
579 16
580 16
581 16
582 16
583 16
584 16
585 16
586 16
587 16
588 16
589 16
590 16
591 16
592 16
593 16
594 16
595 16
596 16
597 16
598 16
599 16
600 16
601 16
602 16
603 16
604 16
605 16
606 16
607 16
608 16
609 16
610 16
611 16
612 16
613 16
614 16
615 16
616 16
617 16
618 16
619 16
620 16
621 16
622 16
623 16
624 16
625 16
626 16
627 16
628 16
629 16
630 16
631 16
632 16
633 16
634 16
635 16
636 16
637 16
638 16
639 16
640 16
641 16
642 16
643 16
644 16
645 16
646 16
647 16
648 16
649 16
650 16
651 16
652 16
653 16
654 16
655 16
656 16
657 16
658 16
659 16
660 16
661 16
662 16
663 16
664 16
665 16
666 16
667 16
668 16
669 16
670 16
671 16
672 16
673 16
674 16
675 16
676 16
677 16
678 16
679 16
680 16
681 16
682 16
683 16
684 16
685 16
686 16
687 16
688 16
689 16
690 16
691 16
692 16
693 16
694 16
695 16
696 16
697 16
698 16
699 16
700 16
701 16
702 16
703 16
704 16
705 16
706 16
707 16
708 16
709 16
710 16
711 16
712 16
713 16
714 16
715 16
716 16
717 16
718 16
719 16
720 16
721 16
722 16
723 16
724 16
725 16
726 16
727 16
728 16
729 16
730 16
731 16
732 16
733 16
734 16
735 16
736 16
737 16
738 16
739 16
740 16
741 16
742 16
743 16
744 16
745 16
746 16
747 16
748 16
749 16
750 16
751 16
752 16
753 16
754 16
755 16
756 16
757 16
758 16
759 16
760 16
761 16
762 16
763 16
764 16
765 16
766 16
767 16
768 16
769 16
770 16
771 16
772 16
773 16
774 16
775 16
776 16
777 16
778 16
779 16
780 16
781 16
782 16
783 16
784 16
785 16
786 16
787 16
788 16
789 16
790 16
791 16
792 16
793 16
794 16
795 16
796 16
797 16
798 16
799 16
800 16
801 16
802 16
803 16
804 16
805 16
806 16
807 16
808 16
809 16
810 16
811 16
812 16
813 16
814 16
815 16
816 16
817 16
818 16
819 16
820 16
821 16
822 16
823 16
824 16
825 16
826 16
827 16
828 16
829 16
830 16
831 16
832 16
833 16
834 16
835 16
836 16
837 16
838 16
839 16
840 16
841 16
842 16
843 16
844 16
845 16
846 16
847 16
848 16
849 16
850 16
851 16
852 16
853 16
854 16
855 16
856 16
857 16
858 16
859 16
860 16
861 16
862 16
863 16
864 16
865 16
866 16
867 16
868 16
869 16
870 16
871 16
872 16
873 16
874 16
875 16
876 16
877 16
878 16
879 16
880 16
881 16
882 16
883 16
884 16
885 16
886 16
887 16
888 16
889 16
890 16
891 16
892 16
893 16
894 16
895 16
896 16
897 16
898 16
899 16
900 16
901 16
902 16
903 16
904 16
905 16
906 16
907 16
908 16
909 16
910 16
911 16
912 16
913 16
914 16
915 16
916 16
917 16
918 16
919 16
920 16
921 16
922 16
923 16
924 16
925 16
926 16
927 16
928 16
929 16
930 16
931 16
932 16
933 16
934 16
935 16
936 16
937 16
938 16
939 16
940 16
941 16
942 16
943 16
944 16
945 16
946 16
947 16
948 16
949 16
950 16
951 16
952 16
953 16
954 16
955 16
956 16
957 16
958 16
959 16
960 16
961 16
962 16
963 16
964 16
965 16
966 16
967 16
968 16
969 16
970 16
971 16
972 16
973 16
974 16
975 16
976 16
977 16
978 16
979 16
980 16
981 16
982 16
983 16
984 16
985 16
986 16
987 16
988 16
989 16
990 16
991 16
992 16
993 16
994 16
995 16
996 16
997 16
998 16
999 16
1000 16
1001 16
1002 16
1003 16
1004 16
1005 16
1006 16
1007 16
1008 16
1009 16
1010 16
1011 16
1012 16
1013 16
1014 16
1015 16
1016 16
1017 16
1018 16
1019 16
1020 16
1021 16
1022 16
1023 16
1024 16
1025 16
1026 16
1027 16
1028 16
1029 16
1030 16
1031 16
1032 16
1033 16
1034 16
1035 16
1036 16
1037 16
1038 16
1039 16
1040 16
1041 16
1042 16
1043 16
1044 16
1045 16
1046 16
1047 16
1048 16
1049 16
1050 16
1051 16
1052 16
1053 16
1054 16
1055 16
1056 16
1057 16
1058 16
1059 16
1060 16
1061 16
1062 16
1063 16
1064 16
1065 16
1066 16
1067 16
1068 16
1069 16
1070 16
1071 16
1072 16
1073 16
1074 16
1075 16
1076 16
1077 16
1078 16
1079 16
1080 16
1081 16
1082 16
1083 16
1084 16
1085 16
1086 16
1087 16
1088 16
1089 16
1090 16
1091 16
1092 16
1093 16
1094 16
1095 16
1096 16
1097 16
1098 16
1099 16
1100 16
1101 16
1102 16
1103 16
1104 16
1105 16
1106 16
1107 16
1108 16
1109 16
1110 16
1111 16
1112 16
1113 16
1114 16
1115 16
1116 16
1117 16
1118 16
1119 16
1120 16
1121 16
1122 16
1123 16
1124 16
1125 16
1126 16
1127 16
1128 16
1129 16
1130 16
1131 16
1132 16
1133 16
1134 16
1135 16
1136 16
1137 16
1138 16
1139 16
1140 16
1141 16
1142 16
1143 16
1144 16
1145 16
1146 16
1147 16
1148 16
1149 16
1150 16
1151 16
1152 16
1153 16
1154 16
1155 16
1156 16
1157 16
1158 16
1159 16
1160 16
1161 16
1162 16
1163 16
1164 16
1165 16
1166 16
1167 16
1168 16
1169 16
1170 16
1171 16
1172 16
1173 16
1174 16
1175 16
1176 16
1177 16
1178 16
1179 16
1180 16
1181 16
1182 16
1183 16
1184 16
1185 16
1186 16
1187 16
1188 16
1189 16
1190 16
1191 16
1192 16
1193 16
1194 16
1195 16
1196 16
1197 16
1198 16
1199 16
1200 16
1201 16
1202 16
1203 16
1204 16
1205 16
1206 16
1207 16
1208 16
1209 16
1210 16
1211 16
1212 16
1213 16
1214 16
1215 16
1216 16
1217 16
1218 16
1219 16
1220 16
1221 16
1222 16
1223 16
1224 16
1225 16
1226 16
1227 16
1228 16
1229 16
1230 16
1231 16
1232 16
1233 16
1234 16
1235 16
1236 16
1237 16
1238 16
1239 16
1240 16
1241 16
1242 16
1243 16
1244 16
1245 16
1246 16
1247 16
1248 16
1249 16
1250 16
1251 16
1252 16
1253 16
1254 16
1255 16
1256 16
1257 16
1258 16
1259 16
1260 16
1261 16
1262 16
1263 16
1264 16
1265 16
1266 16
1267 16
1268 16
1269 16
1270 16
1271 16
1272 16
1273 16
1274 16
1275 16
1276 16
1277 16
1278 16
1279 16
1280 16
1281 16
1282 16
1283 16
1284 16
1285 16
1286 16
1287 16
1288 16
1289 16
1290 16
1291 16
1292 16
1293 16
1294 16
1295 16
1296 16
1297 16
1298 16
1299 16
1300 16
1301 16
1302 16
1303 16
1304 16
1305 16
1306 16
1307 16
1308 16
1309 16
1310 16
1311 16
1312 16
1313 16
1314 16
1315 16
1316 16
1317 16
1318 16
1319 16
1320 16
1321 16
1322 16
1323 16
1324 16
1325 16
1326 16
1327 16
1328 16
1329 16
1330 16
1331 16
1332 16
1333 16
1334 16
1335 16
1336 16
1337 16
1338 16
1339 16
1340 16
1341 16
1342 16
1343 16
1344 16
1345 16
1346 16
1347 16
1348 16
1349 16
1350 16
1351 16
1352 16
1353 16
1354 16
1355 16
1356 16
1357 16
1358 16
1359 16
1360 16
1361 16
1362 16
1363 16
1364 16
1365 16
1366 16
1367 16
1368 16
1369 16
1370 16
1371 16
1372 16
1373 16
1374 16
1375 16
1376 16
1377 16
1378 16
1379 16
1380 16
1381 16
1382 16
1383 16
1384 16
1385 16
1386 16
1387 16
1388 16
1389 16
1390 16
1391 16
1392 16
1393 16
1394 16
1395 16
1396 16
1397 16
1398 16
1399 16
1400 16
1401 16
1402 16
1403 16
1404 16
1405 16
1406 16
1407 16
1408 16
1409 16
1410 16
1411 16
1412 16
1413 16
1414 16
1415 16
1416 16
1417 16
1418 16
1419 16
1420 16
1421 16
1422 16
1423 16
1424 16
1425 16
1426 16
1427 16
1428 16
1429 16
1430 16
1431 16
1432 16
1433 16
1434 16
1435 16
1436 16
1437 16
1438 16
1439 16
1440 16
1441 16
1442 16
1443 16
1444 16
1445 16
1446 16
1447 16
1448 16
1449 16
1450 16
1451 16
1452 16
1453 16
1454 16
1455 16
1456 16
1457 16
1458 16
1459 16
1460 16
1461 16
1462 16
1463 16
1464 16
1465 16
1466 16
1467 16
1468 16
1469 16
1470 16
1471 16
1472 16
1473 16
1474 16
1475 16
1476 16
1477 16
1478 16
1479 16
1480 16
1481 16
1482 16
1483 16
1484 16
1485 16
1486 16
1487 16
1488 16
1489 16
1490 16
1491 16
1492 16
1493 16
1494 16
1495 16
1496 16
1497 16
1498 16
1499 16
1500 16
1501 16
1502 16
1503 16
1504 16
1505 16
1506 16
1507 16
1508 16
1509 16
1510 16
1511 16
1512 16
1513 16
1514 16
1515 16
1516 16
1517 16
1518 16
1519 16
1520 16
1521 16
1522 16
1523 16
1524 16
1525 16
1526 16
1527 16
1528 16
1529 16
1530 16
1531 16
1532 16
1533 16
1534 16
1535 16
1536 16
1537 16
1538 16
1539 16
1540 16
1541 16
1542 16
1543 16
1544 16
1545 16
1546 16
1547 16
1548 16
1549 16
1550 16
1551 16
1552 16
1553 16
1554 16
1555 16
1556 16
1557 16
1558 16
1559 16
1560 16
1561 16
1562 16
1563 16
1564 16
1565 16
1566 16
1567 16
1568 16
1569 16
1570 16
1571 16
1572 16
1573 16
1574 16
1575 16
1576 16
1577 16
1578 16
1579 16
1580 16
1581 16
1582 16
1583 16
1584 16
1585 16
1586 16
1587 16
1588 16
1589 16
1590 16
1591 16
1592 16
1593 16
1594 16
1595 16
1596 16
1597 16
1598 16
1599 16
1600 16
1601 16
1602 16
1603 16
1604 16
1605 16
1606 16
1607 16
1608 16
1609 16
1610 16
1611 16
1612 16
1613 16
1614 16
1615 16
1616 16
1617 16
1618 16
1619 16
1620 16
1621 16
1622 16
1623 16
1624 16
1625 16
1626 16
1627 16
1628 16
1629 16
1630 16
1631 16
1632 16
1633 16
1634 16
1635 16
1636 16
1637 16
1638 16
1639 16
1640 16
1641 16
1642 16
1643 16
1644 16
1645 16
1646 16
1647 16
1648 16
1649 16
1650 16
1651 16
1652 16
1653 16
1654 16
1655 16
1656 16
1657 16
1658 16
1659 16
1660 16
1661 16
1662 16
1663 16
1664 16
1665 16
1666 16
1667 16
1668 16
1669 16
1670 16
1671 16
1672 16
1673 16
1674 16
1675 16
1676 16
1677 16
1678 16
1679 16
1680 16
1681 16
1682 16
1683 16
1684 16
1685 16
1686 16
1687 16
1688 16
1689 16
1690 16
1691 16
1692 16
1693 16
1694 16
1695 16
1696 16
1697 16
1698 16
1699 16
1700 16
1701 16
1702 16
1703 16
1704 16
1705 16
1706 16
1707 16
1708 16
1709 16
1710 16
1711 16
1712 16
1713 16
1714 16
1715 16
1716 16
1717 16
1718 16
1719 16
1720 16
1721 16
1722 16
1723 16
1724 16
1725 16
1726 16
1727 16
1728 16
1729 16
1730 16
1731 16
1732 16
1733 16
1734 16
1735 16
1736 16
1737 16
1738 16
1739 16
1740 16
1741 16
1742 16
1743 16
1744 16
1745 16
1746 16
1747 16
1748 16
1749 16
1750 16
1751 16
1752 16
1753 16
1754 16
1755 16
1756 16
1757 16
1758 16
1759 16
1760 16
1761 16
1762 16
1763 16
1764 16
1765 16
1766 16
1767 16
1768 16
1769 16
1770 16
1771 16
1772 16
1773 16
1774 16
1775 16
1776 16
1777 16
1778 16
1779 16
1780 16
1781 16
1782 16
1783 16
1784 16
1785 16
1786 16
1787 16
1788 16
1789 16
1790 16
1791 16
1792 16
1793 16
1794 16
1795 16
1796 16
1797 16
1798 16
1799 16
1800 16
1801 16
1802 16
1803 16
1804 16
1805 16
1806 16
1807 16
1808 16
1809 16
1810 16
1811 16
1812 16
1813 16
1814 16
1815 16
1816 16
1817 16
1818 16
1819 16
1820 16
1821 16
1822 16
1823 16
1824 16
1825 16
1826 16
1827 16
1828 16
1829 16
1830 16
1831 16
1832 16
1833 16
1834 16
1835 16
1836 16
1837 16
1838 16
1839 16
1840 16
1841 16
1842 16
1843 16
1844 16
1845 16
1846 16
1847 16
1848 16
1849 16
1850 16
1851 16
1852 16
1853 16
1854 16
1855 16
1856 16
1857 16
1858 16
1859 16
1860 16
1861 16
1862 16
1863 16
1864 16
1865 16
1866 16
1867 16
1868 16
1869 16
1870 16
1871 16
1872 16
1873 16
1874 16
1875 16
1876 16
1877 16
1878 16
1879 16
1880 16
1881 16
1882 16
1883 16
1884 16
1885 16
1886 16
1887 16
1888 16
1889 16
1890 16
1891 16
1892 16
1893 16
1894 16
1895 16
1896 16
1897 16
1898 16
1899 16
1900 16
1901 16
1902 16
1903 16
1904 16
1905 16
1906 16
1907 16
1908 16
1909 16
1910 16
1911 16
1912 16
1913 16
1914 16
1915 16
1916 16
1917 16
1918 16
1919 16
1920 16
1921 16
1922 16
1923 16
1924 16
1925 16
1926 16
1927 16
1928 16
1929 16
1930 16
1931 16
1932 16
1933 16
1934 16
1935 16
1936 16
1937 16
1938 16
1939 16
1940 16
1941 16
1942 16
1943 16
1944 16
1945 16
1946 16
1947 16
1948 16
1949 16
1950 16
1951 16
1952 16
1953 16
1954 16
1955 16
1956 16
1957 16
1958 16
1959 16
1960 16
1961 16
1962 16
1963 16
1964 16
1965 16
1966 16
1967 16
1968 16
1969 16
1970 16
1971 16
1972 16
1973 16
1974 16
1975 16
1976 16
1977 16
1978 16
1979 16
1980 16
1981 16
1982 16
1983 16
1984 16
1985 16
1986 16
1987 16
1988 16
1989 16
1990 16
1991 16
1992 16
1993 16
1994 16
1995 16
1996 16
1997 16
1998 16
1999 16
