215 214
0 200 20
1 200 20
2 200 20
3 200 20
4 200 20
5 200 20
6 200 20
7 200 20
8 200 20
9 200 20
10 200 20
11 200 20
12 200 20
13 200 20
14 201 20
15 201 20
16 201 20
17 201 20
18 201 20
19 201 20
20 201 20
21 201 20
22 201 20
23 201 20
24 201 20
25 201 20
26 201 20
27 201 20
28 202 20
29 202 20
30 202 20
31 202 20
32 202 20
33 202 20
34 202 20
35 202 20
36 202 20
37 202 20
38 202 20
39 202 20
40 202 20
41 202 20
42 203 20
43 203 20
44 203 20
45 203 20
46 203 20
47 203 20
48 203 20
49 203 20
50 203 20
51 203 20
52 203 20
53 203 20
54 203 20
55 203 20
56 204 20
57 204 20
58 204 20
59 204 20
60 204 20
61 204 20
62 204 20
63 204 20
64 204 20
65 204 20
66 204 20
67 204 20
68 204 20
69 204 20
70 205 20
71 205 20
72 205 20
73 205 20
74 205 20
75 205 20
76 205 20
77 205 20
78 205 20
79 205 20
80 205 20
81 205 20
82 205 20
83 205 20
84 206 20
85 206 20
86 206 20
87 206 20
88 206 20
89 206 20
90 206 20
91 206 20
92 206 20
93 206 20
94 206 20
95 206 20
96 206 20
97 206 20
98 207 20
99 207 20
100 207 20
101 207 20
102 207 20
103 207 20
104 207 20
105 207 20
106 207 20
107 207 20
108 207 20
109 207 20
110 207 20
111 207 20
112 208 20
113 208 20
114 208 20
115 208 20
116 208 20
117 208 20
118 208 20
119 208 20
120 208 20
121 208 20
122 208 20
123 208 20
124 208 20
125 208 20
126 209 20
127 209 20
128 209 20
129 209 20
130 209 20
131 209 20
132 209 20
133 209 20
134 209 20
135 209 20
136 209 20
137 209 20
138 209 20
139 209 20
140 210 20
141 210 20
142 210 20
143 210 20
144 210 20
145 210 20
146 210 20
147 210 20
148 210 20
149 210 20
150 210 20
151 210 20
152 210 20
153 210 20
154 211 20
155 211 20
156 211 20
157 211 20
158 211 20
159 211 20
160 211 20
161 211 20
162 211 20
163 211 20
164 211 20
165 211 20
166 211 20
167 211 20
168 212 20
169 212 20
170 212 20
171 212 20
172 212 20
173 212 20
174 212 20
175 212 20
176 212 20
177 212 20
178 212 20
179 212 20
180 212 20
181 212 20
182 213 20
183 213 20
184 213 20
185 213 20
186 213 20
187 213 20
188 213 20
189 213 20
190 213 20
191 213 20
192 213 20
193 213 20
194 213 20
195 213 20
196 213 20
197 213 20
198 213 20
199 213 20
200 214 200
201 214 200
202 214 200
203 214 200
204 214 200
205 214 200
206 214 200
207 214 200
208 214 200
209 214 200
210 214 200
211 214 200
212 214 200
213 214 200
0 16
1 16
2 16
3 16
4 16
5 16
6 16
7 16
8 16
9 16
10 16
11 16
12 16
13 16
14 16
15 16
16 16
17 16
18 16
19 16
20 16
21 16
22 16
23 16
24 16
25 16
26 16
27 16
28 16
29 16
30 16
31 16
32 16
33 16
34 16
35 16
36 16
37 16
38 16
39 16
40 16
41 16
42 16
43 16
44 16
45 16
46 16
47 16
48 16
49 16
50 16
51 16
52 16
53 16
54 16
55 16
56 16
57 16
58 16
59 16
60 16
61 16
62 16
63 16
64 16
65 16
66 16
67 16
68 16
69 16
70 16
71 16
72 16
73 16
74 16
75 16
76 16
77 16
78 16
79 16
80 16
81 16
82 16
83 16
84 16
85 16
86 16
87 16
88 16
89 16
90 16
91 16
92 16
93 16
94 16
95 16
96 16
97 16
98 16
99 16
100 16
101 16
102 16
103 16
104 16
105 16
106 16
107 16
108 16
109 16
110 16
111 16
112 16
113 16
114 16
115 16
116 16
117 16
118 16
119 16
120 16
121 16
122 16
123 16
124 16
125 16
126 16
127 16
128 16
129 16
130 16
131 16
132 16
133 16
134 16
135 16
136 16
137 16
138 16
139 16
140 16
141 16
142 16
143 16
144 16
145 16
146 16
147 16
148 16
149 16
150 16
151 16
152 16
153 16
154 16
155 16
156 16
157 16
158 16
159 16
160 16
161 16
162 16
163 16
164 16
165 16
166 16
167 16
168 16
169 16
170 16
171 16
172 16
173 16
174 16
175 16
176 16
177 16
178 16
179 16
180 16
181 16
182 16
183 16
184 16
185 16
186 16
187 16
188 16
189 16
190 16
191 16
192 16
193 16
194 16
195 16
196 16
197 16
198 16
199 16