429 428 400
0 400 20
1 400 20
2 400 20
3 400 20
4 400 20
5 400 20
6 400 20
7 400 20
8 400 20
9 400 20
10 400 20
11 400 20
12 400 20
13 400 20
14 401 20
15 401 20
16 401 20
17 401 20
18 401 20
19 401 20
20 401 20
21 401 20
22 401 20
23 401 20
24 401 20
25 401 20
26 401 20
27 401 20
28 402 20
29 402 20
30 402 20
31 402 20
32 402 20
33 402 20
34 402 20
35 402 20
36 402 20
37 402 20
38 402 20
39 402 20
40 402 20
41 402 20
42 403 20
43 403 20
44 403 20
45 403 20
46 403 20
47 403 20
48 403 20
49 403 20
50 403 20
51 403 20
52 403 20
53 403 20
54 403 20
55 403 20
56 404 20
57 404 20
58 404 20
59 404 20
60 404 20
61 404 20
62 404 20
63 404 20
64 404 20
65 404 20
66 404 20
67 404 20
68 404 20
69 404 20
70 405 20
71 405 20
72 405 20
73 405 20
74 405 20
75 405 20
76 405 20
77 405 20
78 405 20
79 405 20
80 405 20
81 405 20
82 405 20
83 405 20
84 406 20
85 406 20
86 406 20
87 406 20
88 406 20
89 406 20
90 406 20
91 406 20
92 406 20
93 406 20
94 406 20
95 406 20
96 406 20
97 406 20
98 407 20
99 407 20
100 407 20
101 407 20
102 407 20
103 407 20
104 407 20
105 407 20
106 407 20
107 407 20
108 407 20
109 407 20
110 407 20
111 407 20
112 408 20
113 408 20
114 408 20
115 408 20
116 408 20
117 408 20
118 408 20
119 408 20
120 408 20
121 408 20
122 408 20
123 408 20
124 408 20
125 408 20
126 409 20
127 409 20
128 409 20
129 409 20
130 409 20
131 409 20
132 409 20
133 409 20
134 409 20
135 409 20
136 409 20
137 409 20
138 409 20
139 409 20
140 410 20
141 410 20
142 410 20
143 410 20
144 410 20
145 410 20
146 410 20
147 410 20
148 410 20
149 410 20
150 410 20
151 410 20
152 410 20
153 410 20
154 411 20
155 411 20
156 411 20
157 411 20
158 411 20
159 411 20
160 411 20
161 411 20
162 411 20
163 411 20
164 411 20
165 411 20
166 411 20
167 411 20
168 412 20
169 412 20
170 412 20
171 412 20
172 412 20
173 412 20
174 412 20
175 412 20
176 412 20
177 412 20
178 412 20
179 412 20
180 412 20
181 412 20
182 413 20
183 413 20
184 413 20
185 413 20
186 413 20
187 413 20
188 413 20
189 413 20
190 413 20
191 413 20
192 413 20
193 413 20
194 413 20
195 413 20
196 414 20
197 414 20
198 414 20
199 414 20
200 414 20
201 414 20
202 414 20
203 414 20
204 414 20
205 414 20
206 414 20
207 414 20
208 414 20
209 414 20
210 415 20
211 415 20
212 415 20
213 415 20
214 415 20
215 415 20
216 415 20
217 415 20
218 415 20
219 415 20
220 415 20
221 415 20
222 415 20
223 415 20
224 416 20
225 416 20
226 416 20
227 416 20
228 416 20
229 416 20
230 416 20
231 416 20
232 416 20
233 416 20
234 416 20
235 416 20
236 416 20
237 416 20
238 417 20
239 417 20
240 417 20
241 417 20
242 417 20
243 417 20
244 417 20
245 417 20
246 417 20
247 417 20
248 417 20
249 417 20
250 417 20
251 417 20
252 418 20
253 418 20
254 418 20
255 418 20
256 418 20
257 418 20
258 418 20
259 418 20
260 418 20
261 418 20
262 418 20
263 418 20
264 418 20
265 418 20
266 419 20
267 419 20
268 419 20
269 419 20
270 419 20
271 419 20
272 419 20
273 419 20
274 419 20
275 419 20
276 419 20
277 419 20
278 419 20
279 419 20
280 420 20
281 420 20
282 420 20
283 420 20
284 420 20
285 420 20
286 420 20
287 420 20
288 420 20
289 420 20
290 420 20
291 420 20
292 420 20
293 420 20
294 421 20
295 421 20
296 421 20
297 421 20
298 421 20
299 421 20
300 421 20
301 421 20
302 421 20
303 421 20
304 421 20
305 421 20
306 421 20
307 421 20
308 422 20
309 422 20
310 422 20
311 422 20
312 422 20
313 422 20
314 422 20
315 422 20
316 422 20
317 422 20
318 422 20
319 422 20
320 422 20
321 422 20
322 423 20
323 423 20
324 423 20
325 423 20
326 423 20
327 423 20
328 423 20
329 423 20
330 423 20
331 423 20
332 423 20
333 423 20
334 423 20
335 423 20
336 424 20
337 424 20
338 424 20
339 424 20
340 424 20
341 424 20
342 424 20
343 424 20
344 424 20
345 424 20
346 424 20
347 424 20
348 424 20
349 424 20
350 425 20
351 425 20
352 425 20
353 425 20
354 425 20
355 425 20
356 425 20
357 425 20
358 425 20
359 425 20
360 425 20
361 425 20
362 425 20
363 425 20
364 426 20
365 426 20
366 426 20
367 426 20
368 426 20
369 426 20
370 426 20
371 426 20
372 426 20
373 426 20
374 426 20
375 426 20
376 426 20
377 426 20
378 427 20
379 427 20
380 427 20
381 427 20
382 427 20
383 427 20
384 427 20
385 427 20
386 427 20
387 427 20
388 427 20
389 427 20
390 427 20
391 427 20
392 427 20
393 427 20
394 427 20
395 427 20
396 427 20
397 427 20
398 427 20
399 427 20
400 428 200
401 428 200
402 428 200
403 428 200
404 428 200
405 428 200
406 428 200
407 428 200
408 428 200
409 428 200
410 428 200
411 428 200
412 428 200
413 428 200
414 428 200
415 428 200
416 428 200
417 428 200
418 428 200
419 428 200
420 428 200
421 428 200
422 428 200
423 428 200
424 428 200
425 428 200
426 428 200
427 428 200
0 16
1 16
2 16
3 16
4 16
5 16
6 16
7 16
8 16
9 16
10 16
11 16
12 16
13 16
14 16
15 16
16 16
17 16
18 16
19 16
20 16
21 16
22 16
23 16
24 16
25 16
26 16
27 16
28 16
29 16
30 16
31 16
32 16
33 16
34 16
35 16
36 16
37 16
38 16
39 16
40 16
41 16
42 16
43 16
44 16
45 16
46 16
47 16
48 16
49 16
50 16
51 16
52 16
53 16
54 16
55 16
56 16
57 16
58 16
59 16
60 16
61 16
62 16
63 16
64 16
65 16
66 16
67 16
68 16
69 16
70 16
71 16
72 16
73 16
74 16
75 16
76 16
77 16
78 16
79 16
80 16
81 16
82 16
83 16
84 16
85 16
86 16
87 16
88 16
89 16
90 16
91 16
92 16
93 16
94 16
95 16
96 16
97 16
98 16
99 16
100 16
101 16
102 16
103 16
104 16
105 16
106 16
107 16
108 16
109 16
110 16
111 16
112 16
113 16
114 16
115 16
116 16
117 16
118 16
119 16
120 16
121 16
122 16
123 16
124 16
125 16
126 16
127 16
128 16
129 16
130 16
131 16
132 16
133 16
134 16
135 16
136 16
137 16
138 16
139 16
140 16
141 16
142 16
143 16
144 16
145 16
146 16
147 16
148 16
149 16
150 16
151 16
152 16
153 16
154 16
155 16
156 16
157 16
158 16
159 16
160 16
161 16
162 16
163 16
164 16
165 16
166 16
167 16
168 16
169 16
170 16
171 16
172 16
173 16
174 16
175 16
176 16
177 16
178 16
179 16
180 16
181 16
182 16
183 16
184 16
185 16
186 16
187 16
188 16
189 16
190 16
191 16
192 16
193 16
194 16
195 16
196 16
197 16
198 16
199 16
200 16
201 16
202 16
203 16
204 16
205 16
206 16
207 16
208 16
209 16
210 16
211 16
212 16
213 16
214 16
215 16
216 16
217 16
218 16
219 16
220 16
221 16
222 16
223 16
224 16
225 16
226 16
227 16
228 16
229 16
230 16
231 16
232 16
233 16
234 16
235 16
236 16
237 16
238 16
239 16
240 16
241 16
242 16
243 16
244 16
245 16
246 16
247 16
248 16
249 16
250 16
251 16
252 16
253 16
254 16
255 16
256 16
257 16
258 16
259 16
260 16
261 16
262 16
263 16
264 16
265 16
266 16
267 16
268 16
269 16
270 16
271 16
272 16
273 16
274 16
275 16
276 16
277 16
278 16
279 16
280 16
281 16
282 16
283 16
284 16
285 16
286 16
287 16
288 16
289 16
290 16
291 16
292 16
293 16
294 16
295 16
296 16
297 16
298 16
299 16
300 16
301 16
302 16
303 16
304 16
305 16
306 16
307 16
308 16
309 16
310 16
311 16
312 16
313 16
314 16
315 16
316 16
317 16
318 16
319 16
320 16
321 16
322 16
323 16
324 16
325 16
326 16
327 16
328 16
329 16
330 16
331 16
332 16
333 16
334 16
335 16
336 16
337 16
338 16
339 16
340 16
341 16
342 16
343 16
344 16
345 16
346 16
347 16
348 16
349 16
350 16
351 16
352 16
353 16
354 16
355 16
356 16
357 16
358 16
359 16
360 16
361 16
362 16
363 16
364 16
365 16
366 16
367 16
368 16
369 16
370 16
371 16
372 16
373 16
374 16
375 16
376 16
377 16
378 16
379 16
380 16
381 16
382 16
383 16
384 16
385 16
386 16
387 16
388 16
389 16
390 16
391 16
392 16
393 16
394 16
395 16
396 16
397 16
398 16
399 16

