# instance assign_to_us-west1.pn
# Settings: Namespace(PN='../../../instances/hadoop/hadoop_extensions/us-west1.pn', VDC='../../../instances/hadoop/hadoop_extensions/hadoop_4_2bw.vn', affinity=False, affinity_soft=False, allow_virtual_switches_in_switches=False, anti_affinity=False, assert_all_physical_edges=True, binary_search=True, bitblast_addition=False, bitblast_addition_shadow=False, bvwidth=1, configured=False, conflict_limit=0, debug=False, decide_opt_lits=True, directed_links=False, flush_pb_theory=False, force_virtual_switches=False, ignore_ram_constraints=False, ignore_storage_constraints=False, ijcai_settings=False, intrinsic_edge_constraints=False, intrinsic_edge_sets=True, large_res_opt=True, logfile=None, max_cores=8, max_ram=16, max_resource=None, max_storage=1, max_vms=4, min_cores=False, min_servers=True, monosat_defaults=False, opt_conflict_limit=0, opt_detect_sat=False, opt_time_limit=-1, output=None, popcount='BV', prop_assumps=False, refine_flow=True, remove_all_flow_cycles=False, remove_flow_cycles=False, remove_flow_cycles_python=False, repeat=True, rnd_restart=True, rnd_theory_freq=0.99, rnd_theory_order=False, separate_reach_constraints=False, static_flow_caps=True, theory_order_vsids=True, timelog='./monosat-master/timelogs/minserver/config_results_hadoop_us-west1_4vm_2bw', tree_addition=True, use_cover_for_refinement=True, use_min_cost_max_flow=False, vsids_balance=1, vsids_both=True)
init 7.888290 7.888290
1 5.096206 12.984496
2 2.251630 15.236126
3 2.677230 17.913356
4 3.115792 21.029148
5 3.586043 24.615191
6 4.130677 28.745868
7 4.569359 33.315227
8 5.012417 38.327644
9 5.505284 43.832928
10 6.103342 49.936270
11 6.427867 56.364137
12 6.879473 63.243610
13 7.377372 70.620982
14 7.643233 78.264215
15 8.033519 86.297734
16 8.422301 94.720035
17 8.875068 103.595103
18 9.330197 112.925300
19 9.845550 122.770850
20 10.417575 133.188425
21 11.066327 144.254752
22 11.555499 155.810251
23 12.260138 168.070389
24 12.894422 180.964811
25 13.029906 193.994717
26 13.533161 207.527878
27 13.956568 221.484446
28 14.663191 236.147637
29 14.911714 251.059351
30 15.122872 266.182223
31 15.305704 281.487927
32 15.860993 297.348920
33 16.250378 313.599298
34 16.671006 330.270304
35 17.180288 347.450592
36 17.632529 365.083121
37 18.070496 383.153617
38 18.542972 401.696589
39 19.039267 420.735856
40 19.678799 440.414655
41 19.871628 460.286283
42 20.245474 480.531757
43 20.732919 501.264676
44 21.157251 522.421927
45 21.708943 544.130870
46 22.116953 566.247823
47 22.670855 588.918678
48 23.368000 612.286678
49 23.583340 635.870018
50 24.060071 659.930089
51 24.765743 684.695832
52 24.503958 709.199790
53 25.409569 734.609359
54 26.034865 760.644224
55 26.294689 786.938913
56 26.805232 813.744145
57 27.802110 841.546255
58 27.722169 869.268424
59 28.191874 897.460298
60 28.607928 926.068226
61 29.212980 955.281206
62 29.671875 984.953081
63 30.080281 1015.033362
64 30.612351 1045.645713
65 31.099052 1076.744765
66 111.550430 1188.295195
67 111.787802 1300.082997
68 113.811446 1413.894443
69 114.713697 1528.608140
70 116.634275 1645.242415
71 117.202540 1762.444955
72 118.915427 1881.360382
73 120.926513 2002.286895
74 122.524389 2124.811284
75 125.141281 2249.952565
76 125.539524 2375.492089
77 127.309335 2502.801424
78 130.727584 2633.529008
79 156.861123 2790.390131
80 159.328047 2949.718178
81 162.756901 3112.475079
82 164.054027 3276.529106
83 165.222537 3441.751643
