# instance assign_to_us-west1.pn
# Settings: Namespace(PN='../../../instances/hadoop/hadoop_extensions/us-west1.pn', VDC='../../../instances/hadoop/hadoop_extensions/hadoop_4_1bw.vn', affinity=False, affinity_soft=False, allow_virtual_switches_in_switches=False, anti_affinity=False, assert_all_physical_edges=True, binary_search=True, bitblast_addition=False, bitblast_addition_shadow=False, bvwidth=1, configured=False, conflict_limit=0, debug=False, decide_opt_lits=True, directed_links=False, flush_pb_theory=False, force_virtual_switches=False, ignore_ram_constraints=False, ignore_storage_constraints=False, ijcai_settings=False, intrinsic_edge_constraints=False, intrinsic_edge_sets=True, large_res_opt=True, logfile=None, max_cores=8, max_ram=16, max_resource=None, max_storage=1, max_vms=4, min_cores=False, min_servers=True, monosat_defaults=False, opt_conflict_limit=0, opt_detect_sat=False, opt_time_limit=-1, output=None, popcount='BV', prop_assumps=False, refine_flow=True, remove_all_flow_cycles=False, remove_flow_cycles=False, remove_flow_cycles_python=False, repeat=True, rnd_restart=True, rnd_theory_freq=0.99, rnd_theory_order=False, separate_reach_constraints=False, static_flow_caps=True, theory_order_vsids=True, timelog='./monosat-master/timelogs/minserver/config_results_hadoop_us-west1_4vm_1bw', tree_addition=True, use_cover_for_refinement=True, use_min_cost_max_flow=False, vsids_balance=1, vsids_both=True)
init 8.044635 8.044635
1 5.161585 13.206220
2 2.249234 15.455454
3 2.675354 18.130808
4 3.065949 21.196757
5 3.485314 24.682071
6 3.958202 28.640273
7 4.412138 33.052411
8 4.899177 37.951588
9 5.446137 43.397725
10 5.915896 49.313621
11 6.387620 55.701241
12 6.674078 62.375319
13 7.210382 69.585701
14 7.780367 77.366068
15 8.282639 85.648707
16 8.709546 94.358253
17 9.126712 103.484965
18 9.628850 113.113815
19 10.168591 123.282406
20 10.537535 133.819941
21 11.014263 144.834204
22 11.516994 156.351198
23 11.959211 168.310409
24 12.433785 180.744194
25 12.607923 193.352117
26 12.923859 206.275976
27 13.352158 219.628134
28 14.038474 233.666608
29 14.276668 247.943276
30 14.725002 262.668278
31 15.158377 277.826655
32 15.629637 293.456292
33 16.050740 309.507032
34 16.536168 326.043200
35 16.962652 343.005852
36 17.433169 360.439021
37 17.858828 378.297849
38 18.345185 396.643034
39 18.831093 415.474127
40 19.553135 435.027262
41 19.647569 454.674831
42 20.126464 474.801295
43 20.544870 495.346165
44 21.039794 516.385959
45 21.445808 537.831767
46 22.027950 559.859717
47 22.476915 582.336632
48 22.816230 605.152862
49 23.334773 628.487635
50 23.806279 652.293914
51 24.245114 676.539028
52 24.843458 701.382486
53 25.142260 726.524746
54 25.554440 752.079186
55 26.062844 778.142030
56 26.464311 804.606341
57 27.552066 832.158407
58 27.410532 859.568939
59 27.882988 887.451927
60 28.279106 915.731033
61 28.793843 944.524876
62 29.253288 973.778164
63 29.891176 1003.669340
64 31.422614 1035.091954
65 31.774232 1066.866186
66 32.291434 1099.157620
67 32.696415 1131.854035
68 33.255634 1165.109669
69 33.660470 1198.770139
70 34.184695 1232.954834
71 34.651993 1267.606827
72 35.254760 1302.861587
73 35.573875 1338.435462
74 36.181474 1374.616936
75 36.550905 1411.167841
76 37.071862 1448.239703
77 37.587058 1485.826761
78 37.992769 1523.819530
79 38.456513 1562.276043
80 38.953998 1601.230041
81 39.428218 1640.658259
82 41.229401 1681.887660
83 40.336838 1722.224498
84 41.073185 1763.297683
85 41.421709 1804.719392
86 42.054135 1846.773527
87 42.371134 1889.144661
88 42.937847 1932.082508
89 43.307815 1975.390323
90 43.881863 2019.272186
91 44.365294 2063.637480
92 45.172072 2108.809552
93 45.491010 2154.300562
94 45.893957 2200.194519
95 46.441290 2246.635809
96 46.818364 2293.454173
97 47.389839 2340.844012
98 47.633407 2388.477419
99 48.386370 2436.863789
100 48.789098 2485.652887
101 49.385500 2535.038387
102 49.743693 2584.782080
103 49.359198 2634.141278
104 49.034973 2683.176251
105 49.641360 2732.817611
106 49.940911 2782.758522
107 50.642094 2833.400616
108 51.013534 2884.414150
109 51.448424 2935.862574
110 51.815468 2987.678042
111 52.385356 3040.063398
112 52.963540 3093.026938
113 53.360475 3146.387413
114 53.742138 3200.129551
115 54.316832 3254.446383
116 57.018968 3311.465351
117 55.298480 3366.763831
118 55.657286 3422.421117
119 56.316543 3478.737660
120 56.625132 3535.362792
121 57.207614 3592.570406
