# instance assign_to_BCube_n8_k2_bw10_cpu16.pn
# Settings: Namespace(PN='../../../instances/fattree-bcube/BCube_n8_k2_bw10_cpu16.pn', VDC_LIST='../../../instances/fattree-bcube/instance_list_12vm_rnd.txt', affinity=False, affinity_soft=True, allow_virtual_switches_in_switches=True, anti_affinity=False, assert_all_physical_edges=False, binary_search=True, bitblast_addition=False, bitblast_addition_shadow=False, configured=True, conflict_limit=-1, deallocate_prob=0.0, debug=False, decide_opt_lits=True, directed_links=True, flush_pb_theory=False, force_virtual_switches=False, ignore_ram_constraints=True, ignore_storage_constraints=True, ijcai_settings=False, intrinsic_edge_constraints=False, intrinsic_edge_sets=True, logfile=None, max_cores=1, max_ram=1, max_storage=1, max_vms=12, min_cores=False, min_servers=False, opt_conflict_limit=0, opt_detect_sat=False, opt_time_limit=-1, output=None, popcount='BV', prop_assumps=True, refine_flow=True, remove_all_flow_cycles=False, remove_flow_cycles=False, remove_flow_cycles_python=False, rnd_restart=True, rnd_theory_freq=0.99, rnd_theory_order=False, separate_reach_constraints=False, static_flow_caps=True, theory_order_vsids=True, timelog='timelogs/config_results_vdcmapper_bcube8_12vm', tree_addition=True, use_cover_for_refinement=True, use_min_cost_max_flow=False, vsids_balance=1, vsids_both=True)
init 11.112052 11.112052
1 15.820053 26.932105
2 1.758537 28.690642
3 1.810208 30.500850
4 4.473933 34.974783
5 2.467889 37.442672
6 2.260910 39.703582
7 2.833858 42.537440
8 2.901730 45.439170
9 3.567184 49.006354
10 4.124015 53.130369
11 5.135586 58.265955
12 4.708768 62.974723
13 4.263443 67.238166
14 7.385622 74.623788
15 9.998257 84.622045
16 5.919518 90.541563
17 4.452184 94.993747
18 5.728286 100.722033
19 19.673308 120.395341
20 7.846619 128.241960
21 7.865814 136.107774
22 5.920647 142.028421
23 7.119624 149.148045
24 6.355622 155.503667
25 6.954101 162.457768
26 8.300786 170.758554
27 17.376393 188.134947
28 4.685508 192.820455
29 7.050395 199.870850
30 11.105884 210.976734
31 7.817043 218.793777
32 7.186236 225.980013
33 5.910382 231.890395
34 9.366757 241.257152
35 31.885264 273.142416
36 9.737185 282.879601
37 8.273725 291.153326
38 15.171308 306.324634
39 7.832819 314.157453
40 8.592040 322.749493
41 5.891456 328.640949
42 6.668361 335.309310
43 26.500914 361.810224
44 5.996092 367.806316
45 8.825398 376.631714
46 7.627491 384.259205
47 17.172065 401.431270
48 21.920692 423.351962
49 22.815284 446.167246
50 7.412682 453.579928
51 14.502132 468.082060
52 10.761690 478.843750
53 12.398350 491.242100
54 4.864692 496.106792
55 11.833384 507.940176
56 6.276102 514.216278
57 21.545393 535.761671
58 4.682303 540.443974
59 9.865447 550.309421
60 19.173753 569.483174
61 7.480744 576.963918
62 9.514302 586.478220
63 19.990660 606.468880
64 7.541344 614.010224
65 18.220490 632.230714
66 7.184309 639.415023
67 6.220957 645.635980
68 5.958893 651.594873
69 5.092769 656.687642
70 14.668125 671.355767
71 10.492830 681.848597
72 17.685165 699.533762
73 4.396374 703.930136
74 9.358988 713.289124
75 7.156546 720.445670
76 13.047889 733.493559
77 18.019403 751.512962
78 6.406002 757.918964
79 16.084199 774.003163
80 12.744854 786.748017
81 5.061996 791.810013
82 12.504755 804.314768
83 9.455816 813.770584
84 24.010379 837.780963
85 12.974783 850.755746
86 14.874990 865.630736
87 7.668675 873.299411
88 6.016581 879.315992
89 7.315481 886.631473
90 11.804618 898.436091
91 17.920135 916.356226
92 6.720742 923.076968
93 23.188975 946.265943
94 5.814987 952.080930
95 13.198133 965.279063
96 5.472154 970.751217
97 6.986594 977.737811
98 3.100852 980.838663
99 15.930449 996.769112
100 10.676903 1007.446015
101 16.878963 1024.324978
102 4.557652 1028.882630
103 6.648482 1035.531112
104 6.823052 1042.354164
105 16.422583 1058.776747
106 6.990118 1065.766865
107 15.096057 1080.862922
108 6.312480 1087.175402
109 13.763060 1100.938462
110 4.599666 1105.538128
111 4.009953 1109.548081
112 5.703526 1115.251607
113 6.200067 1121.451674
114 5.235576 1126.687250
115 6.222350 1132.909600
116 7.403437 1140.313037
117 6.880502 1147.193539
118 8.256045 1155.449584
119 4.821127 1160.270711
120 8.680567 1168.951278
121 10.288318 1179.239596
122 6.982387 1186.221983
123 9.113702 1195.335685
124 8.462768 1203.798453
125 17.646511 1221.444964
126 16.920471 1238.365435
127 4.038192 1242.403627
128 5.382102 1247.785729
129 6.712386 1254.498115
130 15.541808 1270.039923
131 14.060942 1284.100865
132 3.396501 1287.497366
133 5.522168 1293.019534
134 12.559656 1305.579190
135 6.621343 1312.200533
136 4.842486 1317.043019
137 12.111723 1329.154742
138 4.373969 1333.528711
139 12.376466 1345.905177
140 6.764373 1352.669550
141 4.767433 1357.436983
142 6.739093 1364.176076
143 2.280536 1366.456612
144 7.939694 1374.396306
145 6.971331 1381.367637
146 11.787709 1393.155346
147 7.572487 1400.727833
148 4.617358 1405.345191
149 4.630049 1409.975240
150 11.056837 1421.032077
151 12.980338 1434.012415
152 5.386736 1439.399151
153 14.046388 1453.445539
154 5.391853 1458.837392
155 8.725611 1467.563003
156 4.335952 1471.898955
157 6.673784 1478.572739
158 2.593162 1481.165901
159 19.256179 1500.422080
160 5.443707 1505.865787
161 3.746865 1509.612652
162 4.491632 1514.104284
163 2.816469 1516.920753
164 7.341837 1524.262590
165 7.976424 1532.239014
166 9.102310 1541.341324
167 10.988270 1552.329594
168 4.413464 1556.743058
169 10.956294 1567.699352
170 4.487179 1572.186531
171 3.385955 1575.572486
172 7.346404 1582.918890
173 22.240231 1605.159121
174 9.381819 1614.540940
175 2.941934 1617.482874
176 3.905117 1621.387991
177 7.054497 1628.442488
178 8.190488 1636.632976
179 3.921663 1640.554639
180 8.577551 1649.132190
181 2.850975 1651.983165
182 20.797999 1672.781164
183 7.402661 1680.183825
184 4.311065 1684.494890
185 3.133695 1687.628585
186 7.124947 1694.753532
187 3.114776 1697.868308
188 12.316529 1710.184837
189 3.428613 1713.613450
190 4.911955 1718.525405
191 12.728092 1731.253497
192 41.040558 1772.294055
193 5.435156 1777.729211
194 5.492301 1783.221512
195 7.752436 1790.973948
196 9.674156 1800.648104
197 9.612169 1810.260273
198 3.074420 1813.334693
199 7.069567 1820.404260
200 10.109669 1830.513929
201 7.281008 1837.794937
202 18.876381 1856.671318
203 5.881254 1862.552572
204 3.576484 1866.129056
205 2.504508 1868.633564
206 7.841271 1876.474835
207 5.835943 1882.310778
208 9.333282 1891.644060
209 7.610051 1899.254111
210 4.209594 1903.463705
211 3.052080 1906.515785
212 3.177762 1909.693547
213 6.525525 1916.219072
214 4.847330 1921.066402
215 22.517126 1943.583528
216 10.440654 1954.024182
217 10.145603 1964.169785
218 4.512182 1968.681967
219 5.046182 1973.728149
220 5.901648 1979.629797
221 5.861442 1985.491239
222 4.006480 1989.497719
223 2.778028 1992.275747
224 9.923359 2002.199106
225 4.004753 2006.203859
226 6.688690 2012.892549
227 3.949937 2016.842486
228 5.384203 2022.226689
229 12.099209 2034.325898
230 7.416249 2041.742147
231 5.747983 2047.490130
232 2.437369 2049.927499
233 5.894128 2055.821627
234 7.187854 2063.009481
235 6.827589 2069.837070
236 17.337720 2087.174790
237 9.351439 2096.526229
238 5.197047 2101.723276
239 7.675941 2109.399217
240 10.096494 2119.495711
241 5.047186 2124.542897
242 4.053607 2128.596504
243 10.818310 2139.414814
244 9.380480 2148.795294
245 6.904610 2155.699904
246 3.507545 2159.207449
247 6.593974 2165.801423
248 6.580483 2172.381906
249 4.704190 2177.086096
250 4.558851 2181.644947
251 4.377872 2186.022819
252 8.608863 2194.631682
253 3.338525 2197.970207
254 2.946640 2200.916847
255 10.890514 2211.807361
256 4.727094 2216.534455
257 5.269221 2221.803676
258 2.579568 2224.383244
259 5.566271 2229.949515
260 9.244740 2239.194255
261 2.993173 2242.187428
262 15.543359 2257.730787
263 3.365186 2261.095973
264 6.390459 2267.486432
265 12.188215 2279.674647
266 3.957527 2283.632174
267 5.908726 2289.540900
268 4.390496 2293.931396
269 7.410802 2301.342198
270 11.842409 2313.184607
271 5.403797 2318.588404
272 4.515813 2323.104217
273 6.997623 2330.101840
274 4.891922 2334.993762
275 3.756137 2338.749899
276 8.244093 2346.993992
277 7.902742 2354.896734
278 7.121052 2362.017786
279 6.040635 2368.058421
280 7.576752 2375.635173
281 5.248897 2380.884070
282 2.552954 2383.437024
283 2.156986 2385.594010
284 3.811366 2389.405376
285 5.073814 2394.479190
286 2.714262 2397.193452
287 12.797201 2409.990653
288 4.105969 2414.096622
289 7.804263 2421.900885
290 11.417401 2433.318286
291 5.868940 2439.187226
292 4.494146 2443.681372
293 2.783938 2446.465310
294 6.971826 2453.437136
295 2.346131 2455.783267
296 10.145614 2465.928881
297 3.351182 2469.280063
298 2.489605 2471.769668
299 15.947776 2487.717444
300 3.648707 2491.366151
301 6.994300 2498.360451
302 3.232938 2501.593389
303 9.056824 2510.650213
304 3.154867 2513.805080
305 11.665317 2525.470397
306 4.262841 2529.733238
307 13.266171 2542.999409
308 2.632216 2545.631625
309 3.145204 2548.776829
310 2.265751 2551.042580
311 9.135562 2560.178142
312 5.384155 2565.562297
313 6.224692 2571.786989
314 13.940321 2585.727310
315 6.188635 2591.915945
316 3.017371 2594.933316
317 10.792291 2605.725607
318 3.209274 2608.934881
319 6.301274 2615.236155
320 2.443961 2617.680116
321 2.837050 2620.517166
322 7.169669 2627.686835
323 8.686913 2636.373748
324 6.149444 2642.523192
325 13.420929 2655.944121
326 5.743330 2661.687451
327 8.030920 2669.718371
328 4.765849 2674.484220
329 5.763112 2680.247332
330 5.097180 2685.344512
331 8.101103 2693.445615
332 7.684586 2701.130201
333 3.444120 2704.574321
334 5.613563 2710.187884
335 3.907368 2714.095252
336 3.351124 2717.446376
337 11.350583 2728.796959
338 7.145374 2735.942333
339 5.800463 2741.742796
340 14.028538 2755.771334
341 6.363364 2762.134698
342 6.170263 2768.304961
343 6.348834 2774.653795
344 4.575455 2779.229250
345 2.234511 2781.463761
346 5.373337 2786.837098
347 4.907691 2791.744789
348 8.579859 2800.324648
349 4.963280 2805.287928
350 6.560703 2811.848631
351 7.953747 2819.802378
352 13.346801 2833.149179
353 7.896161 2841.045340
354 2.189997 2843.235337
355 18.191122 2861.426459
356 15.163147 2876.589606
357 5.676052 2882.265658
358 9.945954 2892.211612
359 4.620908 2896.832520
360 12.271688 2909.104208
361 7.682724 2916.786932
362 4.902813 2921.689745
363 7.885867 2929.575612
364 3.748110 2933.323722
365 4.030757 2937.354479
366 5.409427 2942.763906
367 5.342115 2948.106021
368 9.074521 2957.180542
369 6.369270 2963.549812
370 8.104960 2971.654772
371 8.864492 2980.519264
372 13.040379 2993.559643
373 2.484139 2996.043782
374 5.851122 3001.894904
375 5.634108 3007.529012
376 6.205024 3013.734036
377 5.693911 3019.427947
378 5.412709 3024.840656
379 5.003195 3029.843851
380 5.386193 3035.230044
381 6.327892 3041.557936
382 3.115655 3044.673591
383 2.968288 3047.641879
384 6.938191 3054.580070
385 6.256133 3060.836203
386 6.284409 3067.120612
387 4.138044 3071.258656
388 7.976780 3079.235436
389 11.658113 3090.893549
390 10.037106 3100.930655
391 7.607095 3108.537750
392 16.392466 3124.930216
393 12.720492 3137.650708
394 4.483503 3142.134211
395 10.362493 3152.496704
396 5.724839 3158.221543
397 5.778758 3164.000301
398 3.938345 3167.938646
399 3.630291 3171.568937
400 9.406873 3180.975810
401 7.125032 3188.100842
402 2.910772 3191.011614
403 4.358840 3195.370454
404 5.404708 3200.775162
405 8.195354 3208.970516
406 4.930366 3213.900882
407 3.401540 3217.302422
408 2.866138 3220.168560
409 12.588035 3232.756595
410 4.497432 3237.254027
411 7.938141 3245.192168
412 25.930023 3271.122191
413 4.023481 3275.145672
414 20.465963 3295.611635
415 8.315872 3303.927507
416 5.236692 3309.164199
417 20.070420 3329.234619
418 9.415971 3338.650590
419 4.093150 3342.743740
420 6.295733 3349.039473
421 4.741804 3353.781277
422 20.469826 3374.251103
423 4.097649 3378.348752
424 14.519788 3392.868540
425 11.417817 3404.286357
426 6.632278 3410.918635
427 11.069851 3421.988486
428 8.785483 3430.773969
429 4.987153 3435.761122
430 7.814376 3443.575498
431 3.034948 3446.610446
432 11.527479 3458.137925
433 18.561685 3476.699610
434 9.365830 3486.065440
435 8.035923 3494.101363
436 3.197870 3497.299233
437 2.633688 3499.932921
438 10.705589 3510.638510
439 5.850070 3516.488580
440 6.808309 3523.296889
441 23.835079 3547.131968
442 3.009109 3550.141077
443 4.081013 3554.222090
444 6.557666 3560.779756
445 3.733113 3564.512869
446 17.308368 3581.821237
447 6.734261 3588.555498
448 4.963341 3593.518839
449 5.238061 3598.756900
