# instance assign_to_Fattree_n8_k2_bw10_cpu16.pn
# Settings: Namespace(PN='../../../instances/fattree-bcube/Fattree_n8_k2_bw10_cpu16.pn', VDC_LIST='../../../instances/fattree-bcube/instance_list_12vm_rnd.txt', affinity=False, affinity_soft=True, allow_virtual_switches_in_switches=True, anti_affinity=False, assert_all_physical_edges=False, binary_search=True, bitblast_addition=False, bitblast_addition_shadow=False, configured=True, conflict_limit=-1, deallocate_prob=0.0, debug=False, decide_opt_lits=True, directed_links=True, flush_pb_theory=False, force_virtual_switches=False, ignore_ram_constraints=True, ignore_storage_constraints=True, ijcai_settings=False, intrinsic_edge_constraints=False, intrinsic_edge_sets=True, logfile=None, max_cores=1, max_ram=1, max_storage=1, max_vms=12, min_cores=False, min_servers=False, opt_conflict_limit=0, opt_detect_sat=False, opt_time_limit=-1, output=None, popcount='BV', prop_assumps=True, refine_flow=True, remove_all_flow_cycles=False, remove_flow_cycles=False, remove_flow_cycles_python=False, rnd_restart=True, rnd_theory_freq=0.99, rnd_theory_order=False, separate_reach_constraints=False, static_flow_caps=True, theory_order_vsids=True, timelog='timelogs/config_results_vdcmapper_fattree8_12vm', tree_addition=True, use_cover_for_refinement=True, use_min_cost_max_flow=False, vsids_balance=1, vsids_both=True)
init 2.704614 2.704614
1 3.900626 6.605240
2 0.403966 7.009206
3 0.392384 7.401590
4 0.983064 8.384654
5 0.468697 8.853351
6 2.549107 11.402458
7 0.526320 11.928778
8 0.511499 12.440277
9 0.601881 13.042158
10 0.643754 13.685912
11 0.616141 14.302053
12 0.946516 15.248569
13 0.922654 16.171223
14 0.749294 16.920517
15 2.377124 19.297641
16 1.024482 20.322123
17 0.626568 20.948691
18 0.615479 21.564170
19 1.916797 23.480967
20 0.681065 24.162032
21 1.353105 25.515137
22 0.932296 26.447433
23 0.741278 27.188711
24 1.076360 28.265071
25 0.817399 29.082470
26 0.693378 29.775848
27 0.700252 30.476100
28 0.688714 31.164814
29 0.585638 31.750452
30 0.729581 32.480033
31 1.058201 33.538234
32 0.882482 34.420716
33 2.081907 36.502623
34 0.838869 37.341492
35 0.805252 38.146744
36 0.752315 38.899059
37 1.430553 40.329612
38 1.129810 41.459422
39 1.631412 43.090834
40 1.111242 44.202076
41 1.406783 45.608859
42 0.912128 46.520987
43 0.967184 47.488171
44 1.343078 48.831249
45 1.163610 49.994859
46 0.780614 50.775473
47 0.830071 51.605544
48 1.600014 53.205558
49 1.341295 54.546853
50 0.680295 55.227148
51 1.841592 57.068740
52 1.968227 59.036967
53 0.968310 60.005277
54 1.735894 61.741171
55 2.034888 63.776059
56 2.608707 66.384766
57 0.783653 67.168419
58 2.564910 69.733329
59 1.973200 71.706529
60 1.173867 72.880396
61 1.802853 74.683249
62 1.067976 75.751225
63 1.427420 77.178645
64 0.954139 78.132784
65 1.001030 79.133814
66 1.747263 80.881077
67 2.576362 83.457439
68 1.481774 84.939213
69 1.732603 86.671816
70 3.498446 90.170262
71 1.265776 91.436038
72 2.526756 93.962794
73 2.369115 96.331909
74 1.470943 97.802852
75 1.536962 99.339814
76 3.385880 102.725694
77 1.055018 103.780712
78 0.664814 104.445526
79 1.538781 105.984307
80 1.182748 107.167055
81 0.729900 107.896955
82 0.973883 108.870838
83 2.496349 111.367187
84 2.049612 113.416799
85 0.729219 114.146018
86 0.563996 114.710014
87 0.810809 115.520823
88 2.363556 117.884379
89 4.272339 122.156718
90 1.903802 124.060520
91 1.480811 125.541331
92 1.864043 127.405374
93 0.916923 128.322297
94 4.366550 132.688847
95 1.162898 133.851745
96 1.291766 135.143511
97 0.645580 135.789091
98 5.328084 141.117175
99 1.049021 142.166196
100 1.144953 143.311149
101 2.534741 145.845890
102 0.559631 146.405521
103 0.631156 147.036677
104 2.474293 149.510970
105 1.460328 150.971298
106 0.637954 151.609252
107 1.031080 152.640332
108 0.566405 153.206737
109 0.887266 154.094003
110 2.501874 156.595877
111 1.433666 158.029543
112 1.603550 159.633093
113 0.745967 160.379060
114 5.354517 165.733577
115 0.619000 166.352577
116 0.484665 166.837242
117 1.468358 168.305600
118 1.615296 169.920896
119 0.632567 170.553463
120 1.964140 172.517603
121 2.231563 174.749166
122 0.952777 175.701943
123 1.811953 177.513896
124 0.620052 178.133948
125 0.802684 178.936632
126 1.482230 180.418862
127 0.905463 181.324325
128 1.601758 182.926083
129 3.188867 186.114950
130 0.914289 187.029239
131 1.241046 188.270285
132 0.569593 188.839878
133 1.875660 190.715538
134 1.163490 191.879028
135 3.377961 195.256989
136 4.126147 199.383136
137 0.847195 200.230331
138 1.197381 201.427712
139 2.967802 204.395514
140 0.759641 205.155155
141 1.973592 207.128747
142 2.796265 209.925012
143 0.563139 210.488151
144 3.132261 213.620412
145 2.808009 216.428421
146 2.395255 218.823676
147 0.702579 219.526255
148 2.522870 222.049125
149 0.529463 222.578588
done 149 6.246262 228.824850
