# instance assign_to_Fattree_n12_k2_bw10_cpu16.pn
# Settings: Namespace(PN='../../../instances/fattree-bcube/Fattree_n12_k2_bw10_cpu16.pn', VDC_LIST='../../../instances/fattree-bcube/instance_list_6vm_rnd.txt', affinity=False, affinity_soft=True, allow_virtual_switches_in_switches=True, anti_affinity=False, assert_all_physical_edges=False, binary_search=True, bitblast_addition=False, bitblast_addition_shadow=False, configured=True, conflict_limit=-1, deallocate_prob=0.0, debug=False, decide_opt_lits=True, directed_links=True, flush_pb_theory=False, force_virtual_switches=False, ignore_ram_constraints=True, ignore_storage_constraints=True, ijcai_settings=False, intrinsic_edge_constraints=False, intrinsic_edge_sets=True, logfile=None, max_cores=1, max_ram=1, max_storage=1, max_vms=6, min_cores=False, min_servers=False, opt_conflict_limit=0, opt_detect_sat=False, opt_time_limit=-1, output=None, popcount='BV', prop_assumps=True, refine_flow=True, remove_all_flow_cycles=False, remove_flow_cycles=False, remove_flow_cycles_python=False, rnd_restart=True, rnd_theory_freq=0.99, rnd_theory_order=False, separate_reach_constraints=False, static_flow_caps=True, theory_order_vsids=True, timelog='timelogs/config_results_vdcmapper_fattree12_6vm', tree_addition=True, use_cover_for_refinement=True, use_min_cost_max_flow=False, vsids_balance=1, vsids_both=True)
init 4.963400 4.963400
1 5.310071 10.273471
2 0.676597 10.950068
3 0.648545 11.598613
4 0.647203 12.245816
5 1.263242 13.509058
6 0.717789 14.226847
7 0.725004 14.951851
8 0.721105 15.672956
9 0.608888 16.281844
10 0.612760 16.894604
11 0.662983 17.557587
12 0.659530 18.217117
13 0.617844 18.834961
14 0.657975 19.492936
15 0.614438 20.107374
16 0.659818 20.767192
17 0.659520 21.426712
18 0.626699 22.053411
19 0.725938 22.779349
20 0.613131 23.392480
21 0.661383 24.053863
22 0.615951 24.669814
23 0.617761 25.287575
24 0.660993 25.948568
25 0.611618 26.560186
26 0.618700 27.178886
27 0.632485 27.811371
28 0.623279 28.434650
29 0.734876 29.169526
30 0.619701 29.789227
31 0.685773 30.475000
32 0.627121 31.102121
33 0.618972 31.721093
34 0.739009 32.460102
35 0.725046 33.185148
36 0.634971 33.820119
37 0.720376 34.540495
38 0.688597 35.229092
39 0.651170 35.880262
40 0.767606 36.647868
41 0.731933 37.379801
42 0.674743 38.054544
43 0.711334 38.765878
44 0.694901 39.460779
45 0.642808 40.103587
46 0.661411 40.764998
47 0.709363 41.474361
48 0.697378 42.171739
49 0.676898 42.848637
50 0.824099 43.672736
51 0.714696 44.387432
52 0.809621 45.197053
53 0.725689 45.922742
54 0.777729 46.700471
55 0.688486 47.388957
56 0.749633 48.138590
57 0.705671 48.844261
58 0.693958 49.538219
59 0.719499 50.257718
60 0.753260 51.010978
61 0.814945 51.825923
62 0.705942 52.531865
63 0.805193 53.337058
64 0.752230 54.089288
65 0.722106 54.811394
66 0.855884 55.667278
67 0.839424 56.506702
68 0.713390 57.220092
69 0.801583 58.021675
70 0.769486 58.791161
71 0.767567 59.558728
72 0.898076 60.456804
73 0.873090 61.329894
74 0.749182 62.079076
75 0.820867 62.899943
76 0.813029 63.712972
77 0.748017 64.460989
78 1.575552 66.036541
79 0.977973 67.014514
80 0.781586 67.796100
81 0.768015 68.564115
82 0.747363 69.311478
83 0.725040 70.036518
84 0.894804 70.931322
85 0.733297 71.664619
86 0.780825 72.445444
87 0.738018 73.183462
88 0.729374 73.912836
89 0.731811 74.644647
90 0.777598 75.422245
91 0.730582 76.152827
92 0.766566 76.919393
93 0.775867 77.695260
94 0.842183 78.537443
95 0.745794 79.283237
96 0.899510 80.182747
97 0.724053 80.906800
98 0.727149 81.633949
99 0.736606 82.370555
100 0.722828 83.093383
101 0.731885 83.825268
102 0.731002 84.556270
103 0.778107 85.334377
104 0.765654 86.100031
105 0.725736 86.825767
106 0.781442 87.607209
107 0.856569 88.463778
108 0.785568 89.249346
109 0.723906 89.973252
110 0.732009 90.705261
111 0.736103 91.441364
112 0.731599 92.172963
113 0.781017 92.953980
114 0.797412 93.751392
115 0.739817 94.491209
116 0.740037 95.231246
117 0.737513 95.968759
118 0.725274 96.694033
119 0.784171 97.478204
120 0.914465 98.392669
121 0.779462 99.172131
122 0.745713 99.917844
123 0.735710 100.653554
124 0.718716 101.372270
125 0.731161 102.103431
126 0.780536 102.883967
127 0.776277 103.660244
128 0.796187 104.456431
129 0.741316 105.197747
130 0.780452 105.978199
131 0.875451 106.853650
132 0.788488 107.642138
133 0.905984 108.548122
134 0.786980 109.335102
135 0.918419 110.253521
136 0.804722 111.058243
137 0.759370 111.817613
138 0.926605 112.744218
139 0.758184 113.502402
140 0.894295 114.396697
141 0.765006 115.161703
142 0.866276 116.027979
143 0.784401 116.812380
144 0.853438 117.665818
145 0.794713 118.460531
146 0.867880 119.328411
147 0.802843 120.131254
148 0.911692 121.042946
149 0.771101 121.814047
150 0.948293 122.762340
151 1.039706 123.802046
152 1.030268 124.832314
153 0.891376 125.723690
154 0.740509 126.464199
155 0.885867 127.350066
156 0.806199 128.156265
157 0.752299 128.908564
158 1.053372 129.961936
159 0.839293 130.801229
160 0.905474 131.706703
161 1.028092 132.734795
162 0.777404 133.512199
163 0.749206 134.261405
164 0.747526 135.008931
165 0.826922 135.835853
166 0.981461 136.817314
167 0.761954 137.579268
168 0.753966 138.333234
169 0.827900 139.161134
170 0.814111 139.975245
171 0.898270 140.873515
172 0.759567 141.633082
173 0.858675 142.491757
174 0.858184 143.349941
175 0.893612 144.243553
176 0.836755 145.080308
177 1.139413 146.219721
178 0.790938 147.010659
179 0.866943 147.877602
180 0.813243 148.690845
181 1.128881 149.819726
182 0.884236 150.703962
183 0.836494 151.540456
184 0.897600 152.438056
185 1.465106 153.903162
186 1.230223 155.133385
187 1.326183 156.459568
188 0.833219 157.292787
189 0.889720 158.182507
190 1.177917 159.360424
191 1.409195 160.769619
192 0.996315 161.765934
193 0.875279 162.641213
194 0.780483 163.421696
195 0.959940 164.381636
196 1.081313 165.462949
197 1.307793 166.770742
198 0.885347 167.656089
199 1.467052 169.123141
200 0.987761 170.110902
201 0.958324 171.069226
202 0.914626 171.983852
203 1.270748 173.254600
204 0.834407 174.089007
205 0.865298 174.954305
206 0.782658 175.736963
207 0.803764 176.540727
208 0.899321 177.440048
209 0.853509 178.293557
210 0.969230 179.262787
211 1.170706 180.433493
212 1.017726 181.451219
213 0.941760 182.392979
214 0.888531 183.281510
215 1.382435 184.663945
216 1.227988 185.891933
217 1.096413 186.988346
218 1.126188 188.114534
219 1.058933 189.173467
220 1.941533 191.115000
221 0.890494 192.005494
222 0.842547 192.848041
223 1.030210 193.878251
224 1.071741 194.949992
225 1.216316 196.166308
226 0.997309 197.163617
227 0.976638 198.140255
228 1.130246 199.270501
229 1.579262 200.849763
230 0.943697 201.793460
231 1.025601 202.819061
232 1.229677 204.048738
233 0.956120 205.004858
234 0.981398 205.986256
235 0.872002 206.858258
236 0.879527 207.737785
237 0.872611 208.610396
238 2.418286 211.028682
239 1.698302 212.726984
240 1.400380 214.127364
241 1.776003 215.903367
242 0.889154 216.792521
243 1.098494 217.891015
244 1.262606 219.153621
245 0.918746 220.072367
246 1.293417 221.365784
247 1.047411 222.413195
248 1.194552 223.607747
249 0.973979 224.581726
250 0.922201 225.503927
251 0.917281 226.421208
252 0.885911 227.307119
253 1.059305 228.366424
254 1.025331 229.391755
255 1.323051 230.714806
256 1.146354 231.861160
257 1.022466 232.883626
258 1.505244 234.388870
259 0.906997 235.295867
260 0.893134 236.189001
261 1.473490 237.662491
262 1.536180 239.198671
263 2.272994 241.471665
264 0.991587 242.463252
265 1.440340 243.903592
266 1.645298 245.548890
267 1.318219 246.867109
268 0.988847 247.855956
269 1.338856 249.194812
270 0.911740 250.106552
271 0.898925 251.005477
272 1.166427 252.171904
273 1.604466 253.776370
274 0.819234 254.595604
275 0.879294 255.474898
276 0.858893 256.333791
277 0.819812 257.153603
278 1.009889 258.163492
279 0.993108 259.156600
280 0.832524 259.989124
281 0.889574 260.878698
282 1.389453 262.268151
283 1.465878 263.734029
284 1.322695 265.056724
285 1.004549 266.061273
286 1.087821 267.149094
287 0.825325 267.974419
288 0.923583 268.898002
289 1.007099 269.905101
290 1.064594 270.969695
291 0.881548 271.851243
292 0.968700 272.819943
293 0.817411 273.637354
294 0.911555 274.548909
295 1.658651 276.207560
296 1.213119 277.420679
297 1.065118 278.485797
298 0.974953 279.460750
299 0.815504 280.276254
300 0.824652 281.100906
301 0.940651 282.041557
302 0.953128 282.994685
303 0.846238 283.840923
304 0.829848 284.670771
305 1.095708 285.766479
306 1.235010 287.001489
307 1.396627 288.398116
308 0.928443 289.326559
309 0.832640 290.159199
310 1.091360 291.250559
311 0.954413 292.204972
312 0.843063 293.048035
313 1.002221 294.050256
314 1.450638 295.500894
315 2.393237 297.894131
316 1.366261 299.260392
317 1.508065 300.768457
318 1.070935 301.839392
319 1.497488 303.336880
320 1.098490 304.435370
321 2.555898 306.991268
322 1.304385 308.295653
323 1.087813 309.383466
324 1.411761 310.795227
325 1.124293 311.919520
326 1.120906 313.040426
327 0.914849 313.955275
328 1.014640 314.969915
329 1.032268 316.002183
330 1.086677 317.088860
331 1.230965 318.319825
332 3.475095 321.794920
333 2.618306 324.413226
334 1.249692 325.662918
335 1.352729 327.015647
336 0.844391 327.860038
337 0.864907 328.724945
338 2.453640 331.178585
339 2.088421 333.267006
340 0.949244 334.216250
341 1.344951 335.561201
342 1.280278 336.841479
343 1.465763 338.307242
344 1.400692 339.707934
345 1.480435 341.188369
346 2.477825 343.666194
347 0.910907 344.577101
348 1.030828 345.607929
349 2.728683 348.336612
350 1.143887 349.480499
351 1.631275 351.111774
352 2.222705 353.334479
353 1.682040 355.016519
354 1.053683 356.070202
355 0.860591 356.930793
356 0.940225 357.871018
357 1.163461 359.034479
358 1.545649 360.580128
359 1.359761 361.939889
360 1.287177 363.227066
361 1.305210 364.532276
362 1.260152 365.792428
363 2.509530 368.301958
364 1.314703 369.616661
365 1.266393 370.883054
366 1.677772 372.560826
367 0.987935 373.548761
368 0.942346 374.491107
369 0.841871 375.332978
370 0.945599 376.278577
371 1.260393 377.538970
372 1.502131 379.041101
373 1.844272 380.885373
374 1.204149 382.089522
375 1.029940 383.119462
376 0.845110 383.964572
377 1.017903 384.982475
378 0.899969 385.882444
379 0.909221 386.791665
380 0.914219 387.705884
381 0.910005 388.615889
382 0.914659 389.530548
383 0.850222 390.380770
384 0.846746 391.227516
385 0.835667 392.063183
386 0.844962 392.908145
387 1.013313 393.921458
388 0.951296 394.872754
389 1.186716 396.059470
390 0.871882 396.931352
391 0.993011 397.924363
392 0.979915 398.904278
393 1.256102 400.160380
394 1.105286 401.265666
395 1.502140 402.767806
396 0.985070 403.752876
397 0.959440 404.712316
398 1.097919 405.810235
399 1.330276 407.140511
400 1.772382 408.912893
401 0.957113 409.870006
402 1.014059 410.884065
403 1.503121 412.387186
404 1.054907 413.442093
405 1.302458 414.744551
406 0.876164 415.620715
407 0.867864 416.488579
408 1.147342 417.635921
409 0.847718 418.483639
410 1.083263 419.566902
411 0.939787 420.506689
412 0.928673 421.435362
413 0.872336 422.307698
414 0.870703 423.178401
415 0.849884 424.028285
416 1.059996 425.088281
417 0.950633 426.038914
418 0.930957 426.969871
419 0.927041 427.896912
420 0.905844 428.802756
421 1.973114 430.775870
422 0.976501 431.752371
423 1.861239 433.613610
424 0.954125 434.567735
425 0.944665 435.512400
426 0.897570 436.409970
427 1.379881 437.789851
428 1.221159 439.011010
429 1.289080 440.300090
430 1.167559 441.467649
431 0.850840 442.318489
432 0.851445 443.169934
433 0.862606 444.032540
434 0.852367 444.884907
435 1.052409 445.937316
436 0.848336 446.785652
437 2.133250 448.918902
438 1.355899 450.274801
439 0.914110 451.188911
440 1.108311 452.297222
441 0.939276 453.236498
442 0.955762 454.192260
443 1.383054 455.575314
444 0.907422 456.482736
445 1.257217 457.739953
446 1.360804 459.100757
447 1.650697 460.751454
448 1.757662 462.509116
449 1.022137 463.531253
450 0.869927 464.401180
451 0.875502 465.276682
452 0.861997 466.138679
453 0.954739 467.093418
454 0.933568 468.026986
455 0.860264 468.887250
456 0.860899 469.748149
457 1.034295 470.782444
458 1.084136 471.866580
459 1.027346 472.893926
460 1.512869 474.406795
461 1.410997 475.817792
462 1.856615 477.674407
463 0.880896 478.555303
464 2.234638 480.789941
465 2.654267 483.444208
466 1.346639 484.790847
467 1.177220 485.968067
468 1.296619 487.264686
469 1.102018 488.366704
470 1.013648 489.380352
471 0.932327 490.312679
472 1.601619 491.914298
473 1.561309 493.475607
474 0.887019 494.362626
475 0.872000 495.234626
476 1.127719 496.362345
477 1.457391 497.819736
478 1.231784 499.051520
479 1.294953 500.346473
480 0.897330 501.243803
481 0.919410 502.163213
482 0.914022 503.077235
483 0.966386 504.043621
484 1.110357 505.153978
485 0.988365 506.142343
486 1.052926 507.195269
487 1.311171 508.506440
488 1.212366 509.718806
489 1.021420 510.740226
490 1.082529 511.822755
491 0.872812 512.695567
492 0.918524 513.614091
493 0.972674 514.586765
494 0.915673 515.502438
495 0.966206 516.468644
496 0.952760 517.421404
497 0.859312 518.280716
498 0.990420 519.271136
499 0.975463 520.246599
500 1.559888 521.806487
501 1.633249 523.439736
502 1.704497 525.144233
503 1.489143 526.633376
504 1.011305 527.644681
505 1.101691 528.746372
506 0.918934 529.665306
507 1.138954 530.804260
508 1.501110 532.305370
509 1.091290 533.396660
510 0.934905 534.331565
511 1.015178 535.346743
512 1.795967 537.142710
513 1.177806 538.320516
514 1.742953 540.063469
515 0.856639 540.920108
516 1.269757 542.189865
517 1.034923 543.224788
518 0.953207 544.177995
519 1.036394 545.214389
520 0.852218 546.066607
521 1.229853 547.296460
522 0.972189 548.268649
523 1.128613 549.397262
524 1.250366 550.647628
525 1.267218 551.914846
526 1.150184 553.065030
527 1.076922 554.141952
528 0.990788 555.132740
529 0.934344 556.067084
530 1.129559 557.196643
531 1.157230 558.353873
532 1.076470 559.430343
533 1.035014 560.465357
534 1.241082 561.706439
535 0.968441 562.674880
536 0.851208 563.526088
537 1.005533 564.531621
538 0.862109 565.393730
539 0.972602 566.366332
540 1.238906 567.605238
541 1.075638 568.680876
542 0.924976 569.605852
543 1.165877 570.771729
544 1.040162 571.811891
545 1.415289 573.227180
546 1.010624 574.237804
547 1.132768 575.370572
548 1.091328 576.461900
549 0.902694 577.364594
550 1.011424 578.376018
551 1.124893 579.500911
552 1.117802 580.618713
553 1.397537 582.016250
554 1.081335 583.097585
555 1.038747 584.136332
556 1.952320 586.088652
557 1.326617 587.415269
558 1.345745 588.761014
559 1.361027 590.122041
560 1.393416 591.515457
561 1.279578 592.795035
562 1.145102 593.940137
563 1.024550 594.964687
564 0.864258 595.828945
565 0.927397 596.756342
566 0.904928 597.661270
567 0.975765 598.637035
568 1.187082 599.824117
569 1.272145 601.096262
570 0.948466 602.044728
571 1.030056 603.074784
572 1.161516 604.236300
573 0.927733 605.164033
574 1.060987 606.225020
575 1.548494 607.773514
576 0.973663 608.747177
577 2.243927 610.991104
578 2.190457 613.181561
579 1.766226 614.947787
580 0.884120 615.831907
581 1.136348 616.968255
582 1.229327 618.197582
583 1.175649 619.373231
584 1.092217 620.465448
585 1.155112 621.620560
586 1.477003 623.097563
587 1.107343 624.204906
588 1.177088 625.381994
589 2.842365 628.224359
590 0.865161 629.089520
591 0.902992 629.992512
592 1.213625 631.206137
593 1.426266 632.632403
594 0.912465 633.544868
595 0.958649 634.503517
596 1.165770 635.669287
597 1.794532 637.463819
598 0.942874 638.406693
599 1.572479 639.979172
600 1.952132 641.931304
601 1.035178 642.966482
602 1.103899 644.070381
603 0.855239 644.925620
604 0.937530 645.863150
605 0.940973 646.804123
606 0.895004 647.699127
607 2.081407 649.780534
608 1.265902 651.046436
609 1.027028 652.073464
610 1.802801 653.876265
611 1.173903 655.050168
612 1.572041 656.622209
613 1.052320 657.674529
614 0.928246 658.602775
615 0.860053 659.462828
616 1.300560 660.763388
617 1.308575 662.071963
618 1.270923 663.342886
619 1.227106 664.569992
620 0.854504 665.424496
621 1.011472 666.435968
622 1.251888 667.687856
623 0.871693 668.559549
624 1.026116 669.585665
625 0.911844 670.497509
626 0.929558 671.427067
627 1.008889 672.435956
628 0.919092 673.355048
629 1.108117 674.463165
630 0.868941 675.332106
631 1.962651 677.294757
632 1.282905 678.577662
633 1.398151 679.975813
634 0.982912 680.958725
635 1.136000 682.094725
636 1.010175 683.104900
637 1.545446 684.650346
638 1.135125 685.785471
639 1.246812 687.032283
640 1.094399 688.126682
641 1.132210 689.258892
642 0.866013 690.124905
643 1.172421 691.297326
644 0.879281 692.176607
645 0.860804 693.037411
646 0.896188 693.933599
647 0.967605 694.901204
648 0.923054 695.824258
649 0.940824 696.765082
650 0.876938 697.642020
651 1.254337 698.896357
652 1.149101 700.045458
653 0.850471 700.895929
654 1.575824 702.471753
655 1.047162 703.518915
656 1.195138 704.714053
657 0.994652 705.708705
658 1.252725 706.961430
659 0.925358 707.886788
660 0.908408 708.795196
661 1.507253 710.302449
662 0.975210 711.277659
663 1.908328 713.185987
664 1.209032 714.395019
665 0.870116 715.265135
666 0.859229 716.124364
667 1.534022 717.658386
668 2.890428 720.548814
669 1.215288 721.764102
670 1.653432 723.417534
671 1.097209 724.514743
672 0.918534 725.433277
673 1.071926 726.505203
674 1.327044 727.832247
675 1.819053 729.651300
676 0.883140 730.534440
677 1.164617 731.699057
678 1.140659 732.839716
679 0.923004 733.762720
680 0.869433 734.632153
681 0.894112 735.526265
682 1.294117 736.820382
683 1.510601 738.330983
684 0.977029 739.308012
685 0.967892 740.275904
686 0.903713 741.179617
687 0.921028 742.100645
688 1.168391 743.269036
689 0.888074 744.157110
690 1.340430 745.497540
691 1.335034 746.832574
692 0.895927 747.728501
693 0.857104 748.585605
694 0.993963 749.579568
695 0.923307 750.502875
696 1.063474 751.566349
697 0.973230 752.539579
698 0.952858 753.492437
699 0.931132 754.423569
700 1.045081 755.468650
701 0.909917 756.378567
702 1.323356 757.701923
703 1.152770 758.854693
704 1.587186 760.441879
705 1.089959 761.531838
706 1.327594 762.859432
707 0.980075 763.839507
708 1.121069 764.960576
709 1.120467 766.081043
710 1.532104 767.613147
711 0.936820 768.549967
712 0.892670 769.442637
713 0.864125 770.306762
714 1.019446 771.326208
715 0.883581 772.209789
716 0.866659 773.076448
717 0.906852 773.983300
718 1.320683 775.303983
719 1.099109 776.403092
720 1.189352 777.592444
721 1.117090 778.709534
722 0.957368 779.666902
723 1.127471 780.794373
724 0.921660 781.716033
725 1.219798 782.935831
726 1.030549 783.966380
727 1.379851 785.346231
728 1.210653 786.556884
729 1.035272 787.592156
730 1.135748 788.727904
731 1.085902 789.813806
732 1.925274 791.739080
733 1.125714 792.864794
734 0.864677 793.729471
735 1.468908 795.198379
736 0.904215 796.102594
737 1.586111 797.688705
738 0.989560 798.678265
739 0.971691 799.649956
740 1.030357 800.680313
741 1.768718 802.449031
742 1.058593 803.507624
743 1.741105 805.248729
744 1.309498 806.558227
745 1.047324 807.605551
746 1.539940 809.145491
747 1.625323 810.770814
748 1.551011 812.321825
749 0.879646 813.201471
750 1.356784 814.558255
751 1.041668 815.599923
752 1.020145 816.620068
753 0.982734 817.602802
754 0.970690 818.573492
755 0.910053 819.483545
756 1.161781 820.645326
757 1.182282 821.827608
758 1.056107 822.883715
759 0.879407 823.763122
760 0.850135 824.613257
761 1.773768 826.387025
762 1.346204 827.733229
763 1.054251 828.787480
764 1.122658 829.910138
765 1.269019 831.179157
766 1.014848 832.194005
767 1.115713 833.309718
768 1.090586 834.400304
769 1.058331 835.458635
770 0.931173 836.389808
771 0.922805 837.312613
772 1.429994 838.742607
773 2.134277 840.876884
774 1.633041 842.509925
775 1.484399 843.994324
776 1.898627 845.892951
777 1.038766 846.931717
778 1.116150 848.047867
779 1.239168 849.287035
780 1.300246 850.587281
781 1.123445 851.710726
782 0.922580 852.633306
783 1.274218 853.907524
784 1.703768 855.611292
785 1.601999 857.213291
786 1.562017 858.775308
787 1.695165 860.470473
788 1.139232 861.609705
789 1.738357 863.348062
790 1.880544 865.228606
791 0.978204 866.206810
792 1.138419 867.345229
793 1.191743 868.536972
794 0.938248 869.475220
795 0.953040 870.428260
796 1.033529 871.461789
797 0.986194 872.447983
798 1.236218 873.684201
799 1.252060 874.936261
800 0.921470 875.857731
801 1.180519 877.038250
802 0.910824 877.949074
803 1.049482 878.998556
804 1.035102 880.033658
805 1.253687 881.287345
806 0.916753 882.204098
807 1.112420 883.316518
808 1.372563 884.689081
809 0.916130 885.605211
810 1.410647 887.015858
811 1.368869 888.384727
812 1.253262 889.637989
813 1.779976 891.417965
814 1.272250 892.690215
815 0.848873 893.539088
816 0.938576 894.477664
817 0.905766 895.383430
818 0.865983 896.249413
819 0.853948 897.103361
820 1.178123 898.281484
821 0.897418 899.178902
822 1.093953 900.272855
823 1.036045 901.308900
824 1.000197 902.309097
825 0.893870 903.202967
826 1.075892 904.278859
827 1.383693 905.662552
828 1.286876 906.949428
829 1.190872 908.140300
830 0.946284 909.086584
831 0.907064 909.993648
832 0.952212 910.945860
833 1.472959 912.418819
834 1.009733 913.428552
835 1.244620 914.673172
836 1.647377 916.320549
837 1.059463 917.380012
838 0.871870 918.251882
839 0.998341 919.250223
840 1.247214 920.497437
841 0.990100 921.487537
842 0.858658 922.346195
843 0.919837 923.266032
844 1.029122 924.295154
845 1.377516 925.672670
846 1.283808 926.956478
847 1.690969 928.647447
848 1.085177 929.732624
849 1.397007 931.129631
850 0.852045 931.981676
851 0.896865 932.878541
852 0.971078 933.849619
853 1.676713 935.526332
854 1.326012 936.852344
855 0.926797 937.779141
856 1.426711 939.205852
857 0.862938 940.068790
858 1.051994 941.120784
859 1.041246 942.162030
860 1.050401 943.212431
861 1.247443 944.459874
862 1.055609 945.515483
863 0.988921 946.504404
864 0.910382 947.414786
865 1.877797 949.292583
866 1.032286 950.324869
867 1.048377 951.373246
868 1.403216 952.776462
869 1.037870 953.814332
870 1.279352 955.093684
871 0.903302 955.996986
872 0.909688 956.906674
873 1.510189 958.416863
874 0.907261 959.324124
875 1.383023 960.707147
876 1.237349 961.944496
877 1.080910 963.025406
878 1.471270 964.496676
879 1.162403 965.659079
880 1.371828 967.030907
881 1.383836 968.414743
882 1.204848 969.619591
883 0.899366 970.518957
884 1.248710 971.767667
885 1.534646 973.302313
886 0.886258 974.188571
887 1.037753 975.226324
888 0.842656 976.068980
889 0.832984 976.901964
890 0.979744 977.881708
891 1.270120 979.151828
892 1.059291 980.211119
893 0.866704 981.077823
894 1.135123 982.212946
895 1.353415 983.566361
896 1.680713 985.247074
897 1.031966 986.279040
898 1.126927 987.405967
899 1.439345 988.845312
900 1.109875 989.955187
901 0.902873 990.858060
902 1.405186 992.263246
903 1.370115 993.633361
904 1.471206 995.104567
905 1.130610 996.235177
906 0.989295 997.224472
907 1.010552 998.235024
908 1.109236 999.344260
909 1.168769 1000.513029
910 1.029733 1001.542762
911 0.847866 1002.390628
912 1.220966 1003.611594
913 0.909039 1004.520633
914 0.917516 1005.438149
915 0.835224 1006.273373
916 0.851747 1007.125120
917 0.885751 1008.010871
918 1.097794 1009.108665
919 0.935262 1010.043927
920 0.842924 1010.886851
921 1.201514 1012.088365
922 1.163217 1013.251582
923 1.483084 1014.734666
924 1.461356 1016.196022
925 1.033188 1017.229210
926 0.982619 1018.211829
927 1.156710 1019.368539
928 0.909517 1020.278056
929 1.370211 1021.648267
930 1.321913 1022.970180
931 1.563767 1024.533947
932 1.375472 1025.909419
933 1.168144 1027.077563
934 1.028021 1028.105584
935 1.399523 1029.505107
936 1.010257 1030.515364
937 1.115525 1031.630889
938 1.145175 1032.776064
939 1.098374 1033.874438
940 0.926877 1034.801315
941 1.075891 1035.877206
942 1.078510 1036.955716
943 0.880716 1037.836432
944 0.869628 1038.706060
945 1.047932 1039.753992
946 0.982142 1040.736134
947 0.887046 1041.623180
948 1.294425 1042.917605
949 1.048327 1043.965932
950 1.106748 1045.072680
951 1.236187 1046.308867
952 1.040715 1047.349582
953 1.028386 1048.377968
954 0.909678 1049.287646
955 1.212335 1050.499981
956 0.973887 1051.473868
957 0.884520 1052.358388
958 0.827593 1053.185981
959 1.497698 1054.683679
960 0.849241 1055.532920
961 0.891737 1056.424657
962 1.000159 1057.424816
963 0.876435 1058.301251
964 0.897909 1059.199160
965 1.165609 1060.364769
966 0.898934 1061.263703
967 0.991728 1062.255431
968 1.265852 1063.521283
969 1.096026 1064.617309
970 1.373433 1065.990742
971 0.921337 1066.912079
972 0.988842 1067.900921
973 1.000062 1068.900983
974 1.021378 1069.922361
975 1.018861 1070.941222
976 1.030520 1071.971742
977 1.137721 1073.109463
978 0.880938 1073.990401
979 0.854065 1074.844466
980 0.890967 1075.735433
981 1.181074 1076.916507
982 0.841414 1077.757921
983 0.837885 1078.595806
984 0.955495 1079.551301
985 1.024575 1080.575876
986 0.869865 1081.445741
987 1.107273 1082.553014
988 1.092611 1083.645625
989 1.186282 1084.831907
990 1.269321 1086.101228
991 1.172446 1087.273674
992 1.217980 1088.491654
993 1.116412 1089.608066
994 1.523503 1091.131569
995 0.827874 1091.959443
996 0.868088 1092.827531
997 0.968580 1093.796111
998 0.827914 1094.624025
999 1.133361 1095.757386
1000 0.943567 1096.700953
1001 0.838155 1097.539108
1002 0.825993 1098.365101
1003 0.819792 1099.184893
1004 0.823988 1100.008881
1005 1.179546 1101.188427
1006 0.997180 1102.185607
1007 0.938302 1103.123909
1008 0.944422 1104.068331
1009 1.213175 1105.281506
1010 0.892028 1106.173534
1011 1.332431 1107.505965
1012 0.934254 1108.440219
1013 1.166158 1109.606377
1014 0.820872 1110.427249
1015 1.050627 1111.477876
1016 0.883849 1112.361725
1017 0.932676 1113.294401
1018 0.884252 1114.178653
1019 0.979829 1115.158482
1020 0.876369 1116.034851
1021 0.825215 1116.860066
1022 1.032020 1117.892086
1023 0.978124 1118.870210
1024 0.822656 1119.692866
1025 1.337915 1121.030781
1026 1.091952 1122.122733
1027 1.288264 1123.410997
1028 0.880453 1124.291450
1029 0.912959 1125.204409
1030 1.396414 1126.600823
1031 0.993171 1127.593994
1032 1.302903 1128.896897
1033 0.963906 1129.860803
1034 0.864602 1130.725405
1035 0.913373 1131.638778
1036 1.002483 1132.641261
1037 1.272871 1133.914132
1038 1.691067 1135.605199
1039 1.021980 1136.627179
1040 0.958601 1137.585780
1041 1.076761 1138.662541
1042 0.970826 1139.633367
1043 1.619229 1141.252596
1044 1.090972 1142.343568
1045 1.071257 1143.414825
1046 0.849802 1144.264627
1047 1.190997 1145.455624
1048 1.585966 1147.041590
1049 1.126304 1148.167894
1050 0.858702 1149.026596
1051 1.122084 1150.148680
1052 1.096488 1151.245168
1053 0.967241 1152.212409
1054 0.957137 1153.169546
1055 0.874272 1154.043818
1056 0.885352 1154.929170
1057 0.845289 1155.774459
1058 0.828258 1156.602717
1059 1.221545 1157.824262
1060 1.133452 1158.957714
1061 0.821306 1159.779020
1062 0.822835 1160.601855
1063 1.527500 1162.129355
1064 1.215607 1163.344962
1065 0.976155 1164.321117
1066 0.934913 1165.256030
1067 1.054186 1166.310216
1068 1.550188 1167.860404
1069 1.207319 1169.067723
1070 0.922772 1169.990495
1071 1.020062 1171.010557
1072 1.020628 1172.031185
1073 1.027933 1173.059118
1074 0.906141 1173.965259
1075 1.164291 1175.129550
1076 1.008235 1176.137785
1077 1.178196 1177.315981
1078 0.879492 1178.195473
1079 1.083955 1179.279428
1080 0.859612 1180.139040
1081 0.860618 1180.999658
1082 0.848386 1181.848044
1083 1.074615 1182.922659
1084 0.913753 1183.836412
1085 0.909358 1184.745770
1086 0.837996 1185.583766
1087 0.825686 1186.409452
1088 0.895996 1187.305448
1089 0.838266 1188.143714
1090 0.957826 1189.101540
1091 0.927267 1190.028807
1092 0.843939 1190.872746
1093 0.878738 1191.751484
1094 1.003595 1192.755079
1095 1.298458 1194.053537
1096 0.821663 1194.875200
1097 0.827022 1195.702222
1098 0.809409 1196.511631
1099 1.116349 1197.627980
1100 1.462452 1199.090432
1101 1.131119 1200.221551
1102 1.045015 1201.266566
1103 0.905577 1202.172143
1104 0.880206 1203.052349
1105 1.138952 1204.191301
1106 0.933968 1205.125269
1107 0.881052 1206.006321
1108 1.241385 1207.247706
1109 1.802281 1209.049987
1110 0.882186 1209.932173
1111 0.846221 1210.778394
1112 0.823591 1211.601985
1113 0.923684 1212.525669
1114 1.249800 1213.775469
1115 0.823488 1214.598957
1116 0.908343 1215.507300
1117 0.871066 1216.378366
1118 0.903856 1217.282222
1119 0.824910 1218.107132
1120 0.875421 1218.982553
1121 1.141594 1220.124147
1122 0.822300 1220.946447
1123 0.823797 1221.770244
1124 1.468876 1223.239120
1125 1.146454 1224.385574
1126 1.099567 1225.485141
1127 0.870899 1226.356040
1128 0.821481 1227.177521
1129 1.389699 1228.567220
1130 0.825191 1229.392411
1131 0.869499 1230.261910
1132 0.834971 1231.096881
1133 0.831865 1231.928746
1134 0.868147 1232.796893
1135 1.271861 1234.068754
1136 0.955218 1235.023972
1137 0.868048 1235.892020
1138 0.823056 1236.715076
1139 0.929367 1237.644443
1140 0.952550 1238.596993
1141 0.823430 1239.420423
1142 0.900419 1240.320842
1143 0.877154 1241.197996
1144 1.194076 1242.392072
1145 0.822255 1243.214327
1146 1.393932 1244.608259
1147 0.826674 1245.434933
1148 0.841906 1246.276839
1149 0.868299 1247.145138
1150 0.831492 1247.976630
1151 1.148264 1249.124894
done 1151 0.397734 1249.522628
