# instance assign_to_BCube_n16_k2_bw10_cpu16.pn
# Settings: Namespace(PN='../../../instances/fattree-bcube/BCube_n16_k2_bw10_cpu16.pn', VDC_LIST='../../../instances/fattree-bcube/instance_list_6vm_rnd.txt', affinity=False, affinity_soft=True, allow_virtual_switches_in_switches=True, anti_affinity=False, assert_all_physical_edges=False, binary_search=True, bitblast_addition=False, bitblast_addition_shadow=False, configured=True, conflict_limit=-1, deallocate_prob=0.0, debug=False, decide_opt_lits=True, directed_links=True, flush_pb_theory=False, force_virtual_switches=False, ignore_ram_constraints=True, ignore_storage_constraints=True, ijcai_settings=False, intrinsic_edge_constraints=False, intrinsic_edge_sets=True, logfile=None, max_cores=1, max_ram=1, max_storage=1, max_vms=6, min_cores=False, min_servers=False, opt_conflict_limit=0, opt_detect_sat=False, opt_time_limit=-1, output=None, popcount='BV', prop_assumps=True, refine_flow=True, remove_all_flow_cycles=False, remove_flow_cycles=False, remove_flow_cycles_python=False, rnd_restart=True, rnd_theory_freq=0.99, rnd_theory_order=False, separate_reach_constraints=False, static_flow_caps=True, theory_order_vsids=True, timelog='timelogs/config_results_vdcmapper_bcube16_6vm', tree_addition=True, use_cover_for_refinement=True, use_min_cost_max_flow=False, vsids_balance=1, vsids_both=True)
init 135.261447 135.261447
1 55.687956 190.949403
2 6.977944 197.927347
3 6.791320 204.718667
4 6.809126 211.527793
5 12.742213 224.270006
6 7.706663 231.976669
7 7.855655 239.832324
8 6.421776 246.254100
9 6.450229 252.704329
10 6.416810 259.121139
11 7.852514 266.973653
12 7.208511 274.182164
13 7.443279 281.625443
14 8.088462 289.713905
15 6.659800 296.373705
16 7.201174 303.574879
17 7.651292 311.226171
18 7.268780 318.494951
19 6.824709 325.319660
20 6.950208 332.269868
21 7.783032 340.052900
22 8.105699 348.158599
23 7.020025 355.178624
24 7.963917 363.142541
25 7.339281 370.481822
26 7.158852 377.640674
27 7.214694 384.855368
28 7.105764 391.961132
29 7.437686 399.398818
30 8.497109 407.895927
31 8.638083 416.534010
32 8.315029 424.849039
33 8.117548 432.966587
34 10.624720 443.591307
35 10.232780 453.824087
36 9.639280 463.463367
37 11.607773 475.071140
38 9.717093 484.788233
39 8.270562 493.058795
40 8.487103 501.545898
41 8.797936 510.343834
42 8.162696 518.506530
43 8.939263 527.445793
44 9.525841 536.971634
45 8.017204 544.988838
46 9.121426 554.110264
47 10.841095 564.951359
48 9.191106 574.142465
49 7.919809 582.062274
50 10.139311 592.201585
51 9.221301 601.422886
52 9.004525 610.427411
53 9.892505 620.319916
54 9.456642 629.776558
55 10.037522 639.814080
56 10.038205 649.852285
57 10.005869 659.858154
58 8.323380 668.181534
59 8.507933 676.689467
60 8.127128 684.816595
61 8.127048 692.943643
62 8.538284 701.481927
63 10.171335 711.653262
64 9.000982 720.654244
65 8.465631 729.119875
66 9.555827 738.675702
67 10.396815 749.072517
68 8.599196 757.671713
69 9.166661 766.838374
70 10.952887 777.791261
71 10.245979 788.037240
72 15.251873 803.289113
73 10.163465 813.452578
74 9.271178 822.723756
75 9.207899 831.931655
76 18.178481 850.110136
77 10.390929 860.501065
78 11.028623 871.529688
79 14.901777 886.431465
80 12.025258 898.456723
81 10.498488 908.955211
82 8.613020 917.568231
83 8.386128 925.954359
84 15.527250 941.481609
85 10.176853 951.658462
86 9.977697 961.636159
87 12.421951 974.058110
88 8.446956 982.505066
89 9.572929 992.077995
90 22.209012 1014.287007
91 12.231078 1026.518085
92 10.191507 1036.709592
93 12.978234 1049.687826
94 10.468241 1060.156067
95 15.043166 1075.199233
96 13.608289 1088.807522
97 15.815854 1104.623376
98 22.704036 1127.327412
99 13.280454 1140.607866
100 8.807227 1149.415093
101 9.988376 1159.403469
102 8.843608 1168.247077
103 18.845880 1187.092957
104 23.354520 1210.447477
105 11.654433 1222.101910
106 24.414889 1246.516799
107 19.924797 1266.441596
108 21.316383 1287.757979
109 25.408089 1313.166068
110 8.945963 1322.112031
111 13.559865 1335.671896
112 9.168878 1344.840774
113 31.031646 1375.872420
114 61.629913 1437.502333
115 272.757461 1710.259794
116 33.330041 1743.589835
117 36.254910 1779.844745
118 10.178156 1790.022901
119 139.853663 1929.876564
120 75.102056 2004.978620
121 21.777838 2026.756458
122 437.754589 2464.511047
123 162.808081 2627.319128
124 9.978930 2637.298058
125 45.287492 2682.585550
