# instance assign_to_BCube_n8_k2_bw10_cpu16.pn
# Settings: Namespace(PN='../../../instances/fattree-bcube/BCube_n8_k2_bw10_cpu16.pn', VDC_LIST='../../../instances/fattree-bcube/instance_list_6vm_rnd.txt', affinity=False, affinity_soft=True, allow_virtual_switches_in_switches=True, anti_affinity=False, assert_all_physical_edges=False, binary_search=True, bitblast_addition=False, bitblast_addition_shadow=False, configured=True, conflict_limit=-1, deallocate_prob=0.0, debug=False, decide_opt_lits=True, directed_links=True, flush_pb_theory=False, force_virtual_switches=False, ignore_ram_constraints=True, ignore_storage_constraints=True, ijcai_settings=False, intrinsic_edge_constraints=False, intrinsic_edge_sets=True, logfile=None, max_cores=1, max_ram=1, max_storage=1, max_vms=6, min_cores=False, min_servers=False, opt_conflict_limit=0, opt_detect_sat=False, opt_time_limit=-1, output=None, popcount='BV', prop_assumps=True, refine_flow=True, remove_all_flow_cycles=False, remove_flow_cycles=False, remove_flow_cycles_python=False, rnd_restart=True, rnd_theory_freq=0.99, rnd_theory_order=False, separate_reach_constraints=False, static_flow_caps=True, theory_order_vsids=True, timelog='timelogs/config_results_vdcmapper_bcube8_6vm', tree_addition=True, use_cover_for_refinement=True, use_min_cost_max_flow=False, vsids_balance=1, vsids_both=True)
init 6.023003 6.023003
1 5.987039 12.010042
2 0.799665 12.809707
3 0.893348 13.703055
4 0.791328 14.494383
5 1.678676 16.173059
6 0.877438 17.050497
7 0.795629 17.846126
8 0.740320 18.586446
9 0.735362 19.321808
10 0.857090 20.178898
11 0.812108 20.991006
12 0.829640 21.820646
13 0.771314 22.591960
14 0.865333 23.457293
15 0.972434 24.429727
16 0.885605 25.315332
17 0.917900 26.233232
18 0.876681 27.109913
19 0.851056 27.960969
20 0.986020 28.946989
21 1.007198 29.954187
22 0.856811 30.810998
23 0.855088 31.666086
24 1.310287 32.976373
25 1.080063 34.056436
26 0.887284 34.943720
27 0.940801 35.884521
28 1.030708 36.915229
29 1.168274 38.083503
30 1.082646 39.166149
31 3.247795 42.413944
32 1.428853 43.842797
33 1.791212 45.634009
34 2.528160 48.162169
35 2.199444 50.361613
36 1.887691 52.249304
37 1.738052 53.987356
38 1.276024 55.263380
39 3.206691 58.470071
40 1.576679 60.046750
41 1.065410 61.112160
42 1.225858 62.338018
43 1.080928 63.418946
44 1.300430 64.719376
45 1.425007 66.144383
46 2.511717 68.656100
47 2.368739 71.024839
48 2.463967 73.488806
49 1.034879 74.523685
50 3.071727 77.595412
51 1.770234 79.365646
52 5.669483 85.035129
53 1.669826 86.704955
54 1.887402 88.592357
55 1.836900 90.429257
56 2.027239 92.456496
57 3.975030 96.431526
58 1.305285 97.736811
59 1.817098 99.553909
60 2.336841 101.890750
61 1.181201 103.071951
62 1.138221 104.210172
63 1.700052 105.910224
64 3.782325 109.692549
65 14.276418 123.968967
66 1.659607 125.628574
67 1.187539 126.816113
68 1.612707 128.428820
69 2.550228 130.979048
70 2.002000 132.981048
71 2.131986 135.113034
72 8.186283 143.299317
73 3.530262 146.829579
74 5.236867 152.066446
75 1.852544 153.918990
76 7.463911 161.382901
77 14.365420 175.748321
78 1.515761 177.264082
79 1.350135 178.614217
80 3.547492 182.161709
81 6.461578 188.623287
82 1.182279 189.805566
83 1.029988 190.835554
84 1.933744 192.769298
85 1.694109 194.463407
86 6.220290 200.683697
87 8.448578 209.132275
88 1.457731 210.590006
89 1.222303 211.812309
90 3.358590 215.170899
91 8.853597 224.024496
92 2.893302 226.917798
93 2.854593 229.772391
94 2.642873 232.415264
95 8.845198 241.260462
96 3.916391 245.176853
97 10.963477 256.140330
98 1.292092 257.432422
99 3.328560 260.760982
100 1.212594 261.973576
101 1.466420 263.439996
102 2.165366 265.605362
103 3.152931 268.758293
104 2.951889 271.710182
105 1.604759 273.314941
106 4.359736 277.674677
107 5.892702 283.567379
108 3.254787 286.822166
109 6.171389 292.993555
110 1.048064 294.041619
111 1.417793 295.459412
112 1.408124 296.867536
113 3.144859 300.012395
114 1.898702 301.911097
115 10.480270 312.391367
116 1.880764 314.272131
117 3.724996 317.997127
118 1.671342 319.668469
119 5.857040 325.525509
120 2.471632 327.997141
121 3.162751 331.159892
122 16.343907 347.503799
123 1.643279 349.147078
124 1.412333 350.559411
125 1.281898 351.841309
126 2.954436 354.795745
127 3.632792 358.428537
128 2.988613 361.417150
129 15.503644 376.920794
130 3.128950 380.049744
131 11.218184 391.267928
132 11.885866 403.153794
133 22.151595 425.305389
134 3.831609 429.136998
135 2.618205 431.755203
136 13.633170 445.388373
137 15.288761 460.677134
138 8.730789 469.407923
139 13.191622 482.599545
140 2.171293 484.770838
141 1.400969 486.171807
142 7.916184 494.087991
143 12.690683 506.778674
144 1.836016 508.614690
145 1.577274 510.191964
146 2.213060 512.405024
147 1.789335 514.194359
148 12.172164 526.366523
149 11.093879 537.460402
150 2.062894 539.523296
151 2.156856 541.680152
152 10.633746 552.313898
153 21.941472 574.255370
154 1.414639 575.670009
155 2.321135 577.991144
156 5.803413 583.794557
157 8.653970 592.448527
158 3.474923 595.923450
159 2.416834 598.340284
160 2.585439 600.925723
161 3.687414 604.613137
162 1.764113 606.377250
163 1.228507 607.605757
164 1.068771 608.674528
165 2.517790 611.192318
166 6.683856 617.876174
167 1.383476 619.259650
168 2.142959 621.402609
169 3.053987 624.456596
170 3.186877 627.643473
171 13.660996 641.304469
172 1.814234 643.118703
173 2.037649 645.156352
174 2.152105 647.308457
175 10.632882 657.941339
176 17.549898 675.491237
177 2.858174 678.349411
178 2.806869 681.156280
179 10.167228 691.323508
180 2.757856 694.081364
181 1.938678 696.020042
182 7.704563 703.724605
183 2.676584 706.401189
184 9.653689 716.054878
185 2.546944 718.601822
186 6.515047 725.116869
187 3.041593 728.158462
188 1.826937 729.985399
189 2.357255 732.342654
190 9.810676 742.153330
191 1.817757 743.971087
192 1.472053 745.443140
193 5.111845 750.554985
194 6.826786 757.381771
195 2.320929 759.702700
196 5.650604 765.353304
197 7.707567 773.060871
198 1.763208 774.824079
199 11.558542 786.382621
200 2.040404 788.423025
201 2.390700 790.813725
202 1.740593 792.554318
203 14.359400 806.913718
204 1.476129 808.389847
205 2.592365 810.982212
206 2.316001 813.298213
207 1.353182 814.651395
208 8.444168 823.095563
209 2.954787 826.050350
210 5.337513 831.387863
211 20.453975 851.841838
212 6.814345 858.656183
213 2.817159 861.473342
214 11.772505 873.245847
215 2.041245 875.287092
216 2.967310 878.254402
217 3.265747 881.520149
218 3.041507 884.561656
219 3.578622 888.140278
220 8.319247 896.459525
221 3.175228 899.634753
222 5.283503 904.918256
223 1.106699 906.024955
224 1.090360 907.115315
225 4.663378 911.778693
226 6.539762 918.318455
227 2.196792 920.515247
228 2.987193 923.502440
229 18.455095 941.957535
230 2.880566 944.838101
231 7.171829 952.009930
232 2.865969 954.875899
233 1.464519 956.340418
234 2.186405 958.526823
235 1.846812 960.373635
236 1.767438 962.141073
237 2.152716 964.293789
238 2.457239 966.751028
239 9.499528 976.250556
240 1.258219 977.508775
241 4.828614 982.337389
242 1.154877 983.492266
243 9.426049 992.918315
244 1.766865 994.685180
245 1.502624 996.187804
246 1.300513 997.488317
247 1.247167 998.735484
248 2.093921 1000.829405
249 3.243167 1004.072572
250 2.313544 1006.386116
251 5.249802 1011.635918
252 3.762280 1015.398198
253 3.535269 1018.933467
254 2.349089 1021.282556
255 2.318108 1023.600664
256 10.013406 1033.614070
257 7.545651 1041.159721
258 1.839752 1042.999473
259 12.873702 1055.873175
260 2.099595 1057.972770
261 1.903967 1059.876737
262 3.407938 1063.284675
263 3.407142 1066.691817
264 2.285987 1068.977804
265 4.132922 1073.110726
266 9.274849 1082.385575
267 1.340384 1083.725959
268 1.436210 1085.162169
269 1.642480 1086.804649
270 1.593579 1088.398228
271 1.846341 1090.244569
272 1.601652 1091.846221
273 1.352364 1093.198585
274 1.152514 1094.351099
275 1.237634 1095.588733
276 2.279266 1097.867999
277 1.480847 1099.348846
278 2.458223 1101.807069
279 6.468437 1108.275506
280 1.486648 1109.762154
281 1.197233 1110.959387
282 1.670506 1112.629893
283 2.512369 1115.142262
284 2.322424 1117.464686
285 1.417140 1118.881826
286 2.888158 1121.769984
287 1.513062 1123.283046
288 5.182314 1128.465360
289 8.321913 1136.787273
290 2.297740 1139.085013
291 1.476382 1140.561395
292 1.615775 1142.177170
293 1.824597 1144.001767
294 1.132957 1145.134724
295 1.190563 1146.325287
296 1.799995 1148.125282
297 2.020453 1150.145735
298 1.162580 1151.308315
299 1.044927 1152.353242
300 1.092710 1153.445952
301 5.372640 1158.818592
302 7.765778 1166.584370
303 1.155636 1167.740006
304 1.123609 1168.863615
305 5.444722 1174.308337
306 2.377070 1176.685407
307 8.819973 1185.505380
308 1.352949 1186.858329
309 1.598777 1188.457106
310 2.480926 1190.938032
311 3.323327 1194.261359
312 1.086939 1195.348298
313 1.670897 1197.019195
314 4.314511 1201.333706
315 6.852956 1208.186662
316 1.520756 1209.707418
317 1.826615 1211.534033
318 4.324274 1215.858307
319 2.344648 1218.202955
320 2.215390 1220.418345
321 6.646571 1227.064916
322 1.679896 1228.744812
323 2.582598 1231.327410
324 5.682426 1237.009836
325 2.363262 1239.373098
326 3.213744 1242.586842
327 5.392296 1247.979138
328 4.267155 1252.246293
329 1.903570 1254.149863
330 2.124724 1256.274587
331 2.293014 1258.567601
332 2.337530 1260.905131
333 4.093386 1264.998517
334 1.774350 1266.772867
335 2.845263 1269.618130
336 1.811869 1271.429999
337 1.067995 1272.497994
338 2.344703 1274.842697
339 4.513715 1279.356412
340 1.297045 1280.653457
341 1.387883 1282.041340
342 1.791779 1283.833119
343 2.945384 1286.778503
344 1.317623 1288.096126
345 2.441771 1290.537897
346 3.945730 1294.483627
347 1.416871 1295.900498
348 2.293289 1298.193787
349 1.159381 1299.353168
350 1.304376 1300.657544
351 2.215254 1302.872798
352 4.793304 1307.666102
353 2.126789 1309.792891
354 2.247453 1312.040344
355 1.323458 1313.363802
356 1.490183 1314.853985
357 1.509473 1316.363458
358 2.046346 1318.409804
359 1.879287 1320.289091
360 2.201858 1322.490949
361 1.443811 1323.934760
362 2.020975 1325.955735
363 6.315941 1332.271676
364 1.267350 1333.539026
365 1.358655 1334.897681
366 1.688667 1336.586348
367 1.151660 1337.738008
368 1.098313 1338.836321
369 1.635327 1340.471648
370 1.960151 1342.431799
371 1.924884 1344.356683
372 1.749097 1346.105780
373 4.659245 1350.765025
374 4.018605 1354.783630
375 4.725648 1359.509278
376 1.018894 1360.528172
377 1.426342 1361.954514
378 1.630113 1363.584627
379 1.698996 1365.283623
380 1.322490 1366.606113
381 1.455102 1368.061215
382 1.757086 1369.818301
383 4.930382 1374.748683
384 1.330085 1376.078768
385 1.245899 1377.324667
386 1.138614 1378.463281
387 1.503697 1379.966978
388 1.554375 1381.521353
389 3.678170 1385.199523
390 1.151124 1386.350647
391 1.249180 1387.599827
392 1.464160 1389.063987
393 1.853065 1390.917052
394 2.306639 1393.223691
395 2.840247 1396.063938
396 2.635027 1398.698965
397 1.780903 1400.479868
398 1.122101 1401.601969
399 1.444803 1403.046772
400 4.276069 1407.322841
401 1.401685 1408.724526
402 1.854704 1410.579230
403 3.334890 1413.914120
404 1.617828 1415.531948
405 2.401413 1417.933361
406 1.270936 1419.204297
407 1.249881 1420.454178
408 1.538045 1421.992223
409 1.444571 1423.436794
410 1.421971 1424.858765
411 1.240902 1426.099667
412 1.772890 1427.872557
413 1.114123 1428.986680
414 1.132982 1430.119662
415 1.334341 1431.454003
416 1.215331 1432.669334
417 1.534000 1434.203334
418 2.043207 1436.246541
419 1.464307 1437.710848
420 1.368766 1439.079614
421 1.888875 1440.968489
422 1.397194 1442.365683
423 2.894542 1445.260225
424 1.157708 1446.417933
425 1.418104 1447.836037
426 1.506854 1449.342891
427 1.086277 1450.429168
428 1.184795 1451.613963
429 1.304357 1452.918320
430 1.140122 1454.058442
431 1.216195 1455.274637
432 1.113897 1456.388534
433 1.510569 1457.899103
434 1.295109 1459.194212
435 1.114746 1460.308958
436 1.271242 1461.580200
437 1.663120 1463.243320
438 1.391196 1464.634516
439 2.417918 1467.052434
440 1.860062 1468.912496
441 1.429534 1470.342030
442 3.230167 1473.572197
443 1.097249 1474.669446
444 1.600854 1476.270300
445 1.068657 1477.338957
446 1.139040 1478.477997
447 1.588687 1480.066684
448 1.045014 1481.111698
449 1.342681 1482.454379
450 1.090791 1483.545170
451 1.410521 1484.955691
452 1.059025 1486.014716
453 1.618528 1487.633244
454 1.469207 1489.102451
455 1.315305 1490.417756
456 1.113281 1491.531037
457 1.232460 1492.763497
458 1.422905 1494.186402
459 1.515945 1495.702347
460 1.629459 1497.331806
461 3.082293 1500.414099
462 1.092321 1501.506420
463 1.146829 1502.653249
464 1.575951 1504.229200
465 1.371381 1505.600581
466 1.192402 1506.792983
467 1.029681 1507.822664
468 1.144364 1508.967028
469 1.151242 1510.118270
470 1.329089 1511.447359
471 1.053597 1512.500956
472 1.564369 1514.065325
473 1.050824 1515.116149
474 0.978095 1516.094244
475 1.097033 1517.191277
476 1.013987 1518.205264
477 0.961357 1519.166621
478 1.213070 1520.379691
479 1.018250 1521.397941
480 0.947687 1522.345628
481 0.953743 1523.299371
482 1.271331 1524.570702
483 1.585045 1526.155747
484 1.927146 1528.082893
485 1.213729 1529.296622
486 1.802763 1531.099385
487 1.098660 1532.198045
488 1.639059 1533.837104
489 1.545909 1535.383013
490 1.282905 1536.665918
491 0.942301 1537.608219
492 1.739853 1539.348072
493 2.050728 1541.398800
494 1.731780 1543.130580
495 1.040424 1544.171004
496 1.180421 1545.351425
497 1.066576 1546.418001
498 1.038609 1547.456610
499 1.132291 1548.588901
500 1.495987 1550.084888
501 1.641020 1551.725908
502 1.345321 1553.071229
503 1.134605 1554.205834
504 1.174351 1555.380185
505 1.088101 1556.468286
506 1.273698 1557.741984
507 1.264166 1559.006150
508 1.469289 1560.475439
509 1.527313 1562.002752
510 1.082810 1563.085562
511 1.101116 1564.186678
512 1.162393 1565.349071
513 1.438798 1566.787869
514 1.007391 1567.795260
515 0.984791 1568.780051
516 1.488763 1570.268814
517 0.969361 1571.238175
518 1.139997 1572.378172
519 0.967838 1573.346010
520 0.917636 1574.263646
521 1.266370 1575.530016
522 1.127630 1576.657646
523 1.050754 1577.708400
524 0.991492 1578.699892
525 1.602250 1580.302142
526 1.151265 1581.453407
527 1.820485 1583.273892
528 1.259806 1584.533698
529 0.972083 1585.505781
530 1.005650 1586.511431
531 0.976761 1587.488192
532 0.988419 1588.476611
533 1.053621 1589.530232
534 1.031435 1590.561667
535 1.019359 1591.581026
536 1.088103 1592.669129
537 1.248994 1593.918123
538 1.162235 1595.080358
539 0.942021 1596.022379
540 0.986403 1597.008782
541 1.130379 1598.139161
542 0.911526 1599.050687
543 1.077754 1600.128441
544 0.968710 1601.097151
545 1.011122 1602.108273
546 1.183170 1603.291443
547 1.207338 1604.498781
548 1.230532 1605.729313
549 0.910679 1606.639992
550 1.255343 1607.895335
551 0.968341 1608.863676
552 2.636531 1611.500207
553 1.228011 1612.728218
554 0.968052 1613.696270
555 1.395629 1615.091899
556 1.175785 1616.267684
557 1.247608 1617.515292
558 1.074384 1618.589676
559 1.434644 1620.024320
560 0.909394 1620.933714
561 1.030433 1621.964147
562 1.167786 1623.131933
563 1.268829 1624.400762
564 0.909031 1625.309793
565 1.042195 1626.351988
566 0.903710 1627.255698
567 1.029543 1628.285241
568 2.251754 1630.536995
569 0.967623 1631.504618
570 1.710395 1633.215013
571 0.976223 1634.191236
572 1.031973 1635.223209
573 1.188734 1636.411943
574 1.915197 1638.327140
575 1.084957 1639.412097
576 0.993274 1640.405371
577 1.067272 1641.472643
578 0.959745 1642.432388
579 1.473441 1643.905829
580 1.035507 1644.941336
581 1.131011 1646.072347
582 2.279785 1648.352132
583 0.900560 1649.252692
584 1.042261 1650.294953
585 0.960581 1651.255534
586 1.057886 1652.313420
587 0.961107 1653.274527
588 0.981811 1654.256338
589 0.904603 1655.160941
590 1.015667 1656.176608
591 1.200513 1657.377121
592 0.957591 1658.334712
593 1.131670 1659.466382
594 1.108606 1660.574988
595 0.901947 1661.476935
596 1.127469 1662.604404
597 1.088174 1663.692578
598 1.188228 1664.880806
599 1.225683 1666.106489
600 0.926509 1667.032998
601 0.958485 1667.991483
602 0.955459 1668.946942
603 0.900905 1669.847847
604 1.047376 1670.895223
605 1.027258 1671.922481
606 0.891506 1672.813987
607 1.368497 1674.182484
608 0.899804 1675.082288
609 1.274196 1676.356484
610 1.642560 1677.999044
611 1.068291 1679.067335
612 0.914082 1679.981417
613 1.626714 1681.608131
614 1.305800 1682.913931
615 0.904361 1683.818292
616 2.296720 1686.115012
617 0.900940 1687.015952
618 0.956517 1687.972469
619 1.154182 1689.126651
620 0.927927 1690.054578
621 1.025026 1691.079604
622 0.940366 1692.019970
623 0.901773 1692.921743
624 1.006638 1693.928381
625 1.269384 1695.197765
626 0.903360 1696.101125
627 1.071822 1697.172947
628 1.303577 1698.476524
629 0.906154 1699.382678
630 0.903015 1700.285693
631 1.847130 1702.132823
632 1.733105 1703.865928
633 1.132755 1704.998683
634 1.032085 1706.030768
635 1.044508 1707.075276
636 0.934520 1708.009796
637 1.703583 1709.713379
638 1.168075 1710.881454
639 1.121135 1712.002589
640 0.965784 1712.968373
641 0.935146 1713.903519
642 1.003565 1714.907084
643 1.205751 1716.112835
644 0.901696 1717.014531
645 0.902394 1717.916925
646 0.909848 1718.826773
647 1.162846 1719.989619
648 0.900930 1720.890549
649 0.978203 1721.868752
650 1.106169 1722.974921
651 0.963346 1723.938267
652 1.144207 1725.082474
653 1.220492 1726.302966
654 1.531879 1727.834845
655 1.140123 1728.974968
656 0.999215 1729.974183
657 0.957283 1730.931466
658 0.926387 1731.857853
659 0.922222 1732.780075
660 1.004438 1733.784513
661 0.955070 1734.739583
662 1.355434 1736.095017
663 0.899907 1736.994924
664 0.953927 1737.948851
665 0.899384 1738.848235
666 0.899804 1739.748039
667 1.031946 1740.779985
668 2.120492 1742.900477
669 0.964206 1743.864683
670 1.120240 1744.984923
671 1.219328 1746.204251
672 0.905084 1747.109335
673 4.238899 1751.348234
674 1.058838 1752.407072
675 0.900662 1753.307734
676 0.932207 1754.239941
677 1.427594 1755.667535
678 1.127333 1756.794868
679 1.234124 1758.028992
680 0.898729 1758.927721
681 0.895779 1759.823500
682 1.087571 1760.911071
683 1.134166 1762.045237
684 1.147723 1763.192960
685 1.653938 1764.846898
686 0.896550 1765.743448
687 1.683738 1767.427186
688 1.582899 1769.010085
689 0.936246 1769.946331
690 1.407434 1771.353765
691 0.950345 1772.304110
692 0.899534 1773.203644
693 1.287952 1774.491596
694 1.260423 1775.752019
695 1.838301 1777.590320
696 1.223490 1778.813810
697 0.955580 1779.769390
698 1.086651 1780.856041
699 0.893084 1781.749125
700 1.371144 1783.120269
701 0.902127 1784.022396
702 1.266235 1785.288631
703 1.696276 1786.984907
704 0.903373 1787.888280
705 0.981755 1788.870035
706 0.986103 1789.856138
707 0.987569 1790.843707
708 1.789811 1792.633518
709 1.336980 1793.970498
710 2.062486 1796.032984
711 1.061353 1797.094337
712 0.950703 1798.045040
713 0.905912 1798.950952
714 2.462987 1801.413939
715 1.466335 1802.880274
716 0.902852 1803.783126
717 1.021942 1804.805068
718 0.978038 1805.783106
719 1.013024 1806.796130
720 1.014238 1807.810368
721 0.901738 1808.712106
722 1.021139 1809.733245
723 1.011187 1810.744432
724 0.959778 1811.704210
725 0.951674 1812.655884
726 1.997826 1814.653710
727 0.903423 1815.557133
728 1.922466 1817.479599
729 0.960227 1818.439826
730 4.201817 1822.641643
731 1.472045 1824.113688
732 0.917398 1825.031086
733 0.902894 1825.933980
734 0.955521 1826.889501
735 1.290924 1828.180425
736 0.919989 1829.100414
737 1.410413 1830.510827
738 1.176760 1831.687587
739 1.144081 1832.831668
740 0.954728 1833.786396
741 1.190769 1834.977165
742 1.033037 1836.010202
743 0.953091 1836.963293
744 0.977025 1837.940318
745 3.445423 1841.385741
746 0.983152 1842.368893
747 0.954841 1843.323734
748 1.130998 1844.454732
749 0.953510 1845.408242
750 1.181975 1846.590217
751 0.934784 1847.525001
752 1.288718 1848.813719
753 0.959653 1849.773372
754 1.327263 1851.100635
755 1.178827 1852.279462
756 1.139437 1853.418899
757 0.972628 1854.391527
758 0.897799 1855.289326
759 1.384028 1856.673354
760 1.167101 1857.840455
761 1.357518 1859.197973
762 1.513298 1860.711271
763 2.344368 1863.055639
764 1.013541 1864.069180
765 0.954871 1865.024051
766 1.523924 1866.547975
767 1.451441 1867.999416
768 0.995575 1868.994991
769 0.956520 1869.951511
770 0.952909 1870.904420
771 0.971140 1871.875560
772 0.901922 1872.777482
773 1.571408 1874.348890
774 0.900505 1875.249395
775 1.199242 1876.448637
776 4.574962 1881.023599
777 3.043903 1884.067502
778 1.141620 1885.209122
779 0.978822 1886.187944
780 1.320095 1887.508039
781 0.957097 1888.465136
782 0.913532 1889.378668
783 1.358158 1890.736826
784 1.086949 1891.823775
785 0.899096 1892.722871
786 1.491671 1894.214542
787 0.916811 1895.131353
788 1.378472 1896.509825
789 1.280199 1897.790024
790 0.900446 1898.690470
791 1.331887 1900.022357
792 0.954752 1900.977109
793 1.023819 1902.000928
794 1.472053 1903.472981
795 0.983310 1904.456291
796 0.905246 1905.361537
797 1.220418 1906.581955
798 0.920573 1907.502528
799 1.411052 1908.913580
800 0.970027 1909.883607
801 1.313856 1911.197463
802 0.907926 1912.105389
803 0.901975 1913.007364
804 2.217392 1915.224756
805 1.015575 1916.240331
806 1.008343 1917.248674
807 1.378480 1918.627154
808 0.905898 1919.533052
809 1.133749 1920.666801
810 1.006832 1921.673633
811 1.015533 1922.689166
812 1.332076 1924.021242
813 0.979723 1925.000965
814 0.929384 1925.930349
815 0.951034 1926.881383
816 0.924158 1927.805541
817 1.050108 1928.855649
818 0.902578 1929.758227
819 0.924578 1930.682805
820 1.325588 1932.008393
821 0.930694 1932.939087
822 1.068650 1934.007737
823 0.964176 1934.971913
824 1.166637 1936.138550
825 0.996980 1937.135530
826 1.196236 1938.331766
827 0.955053 1939.286819
828 1.354191 1940.641010
829 0.899678 1941.540688
830 1.379222 1942.919910
831 0.963234 1943.883144
832 0.979494 1944.862638
833 2.214402 1947.077040
834 1.013293 1948.090333
835 2.412591 1950.502924
836 0.958453 1951.461377
837 0.901968 1952.363345
838 0.937785 1953.301130
839 0.903468 1954.204598
840 1.201394 1955.405992
841 0.907995 1956.313987
842 0.924083 1957.238070
843 0.903374 1958.141444
844 1.165458 1959.306902
845 1.016180 1960.323082
846 0.903039 1961.226121
847 1.638992 1962.865113
848 1.015683 1963.880796
849 2.255925 1966.136721
850 0.897268 1967.033989
851 1.900825 1968.934814
852 0.952081 1969.886895
853 1.098281 1970.985176
854 0.925554 1971.910730
855 1.308759 1973.219489
856 0.901119 1974.120608
857 0.912226 1975.032834
858 1.082021 1976.114855
859 1.032680 1977.147535
860 1.159854 1978.307389
861 2.999717 1981.307106
862 0.957537 1982.264643
863 0.991646 1983.256289
864 1.051947 1984.308236
865 1.413586 1985.721822
866 0.955698 1986.677520
867 3.123701 1989.801221
868 0.898162 1990.699383
869 1.893563 1992.592946
870 0.950702 1993.543648
871 1.149534 1994.693182
872 1.291287 1995.984469
873 0.953300 1996.937769
874 1.402024 1998.339793
875 1.733989 2000.073782
876 1.031642 2001.105424
877 0.949267 2002.054691
878 1.089395 2003.144086
879 1.058549 2004.202635
880 1.481003 2005.683638
881 1.775131 2007.458769
882 0.923654 2008.382423
883 1.239578 2009.622001
884 0.895396 2010.517397
885 1.698633 2012.216030
886 0.956575 2013.172605
887 1.238714 2014.411319
888 0.898098 2015.309417
889 0.894575 2016.203992
890 1.395407 2017.599399
891 0.928669 2018.528068
892 0.897116 2019.425184
893 1.301883 2020.727067
894 0.953794 2021.680861
895 2.116102 2023.796963
896 0.898091 2024.695054
897 1.240419 2025.935473
898 0.894743 2026.830216
899 0.890613 2027.720829
900 1.469918 2029.190747
901 1.043750 2030.234497
902 1.369012 2031.603509
903 1.356435 2032.959944
904 1.226301 2034.186245
905 1.004980 2035.191225
906 0.952453 2036.143678
907 1.476423 2037.620101
908 1.195429 2038.815530
909 0.965275 2039.780805
910 1.414526 2041.195331
911 1.094840 2042.290171
912 1.009680 2043.299851
913 1.087865 2044.387716
914 0.902011 2045.289727
915 1.001038 2046.290765
916 0.969689 2047.260454
917 0.895551 2048.156005
918 1.338057 2049.494062
919 1.499874 2050.993936
920 1.315279 2052.309215
921 0.897272 2053.206487
922 1.467240 2054.673727
923 1.069829 2055.743556
924 1.559092 2057.302648
925 1.012279 2058.314927
926 1.280107 2059.595034
927 0.953699 2060.548733
928 1.025289 2061.574022
929 1.404660 2062.978682
930 0.889306 2063.867988
931 1.298959 2065.166947
932 0.896011 2066.062958
933 2.028146 2068.091104
934 0.951697 2069.042801
935 1.728046 2070.770847
936 1.170359 2071.941206
937 1.489799 2073.431005
938 0.953909 2074.384914
939 0.926476 2075.311390
940 0.999948 2076.311338
941 1.294458 2077.605796
942 0.902702 2078.508498
943 0.893581 2079.402079
944 0.926088 2080.328167
945 0.969290 2081.297457
946 0.972053 2082.269510
947 1.016466 2083.285976
948 1.167040 2084.453016
949 0.952718 2085.405734
950 1.084375 2086.490109
951 0.897290 2087.387399
952 0.982572 2088.369971
953 1.135760 2089.505731
954 0.899138 2090.404869
955 0.897364 2091.302233
956 1.071773 2092.374006
957 0.949068 2093.323074
958 0.945369 2094.268443
959 1.450929 2095.719372
960 0.966803 2096.686175
961 1.481985 2098.168160
962 1.795861 2099.964021
963 1.592481 2101.556502
964 0.950854 2102.507356
965 1.452903 2103.960259
966 0.951217 2104.911476
967 2.584582 2107.496058
968 1.209876 2108.705934
969 1.004442 2109.710376
970 0.949697 2110.660073
971 0.954463 2111.614536
972 1.425451 2113.039987
973 1.005117 2114.045104
974 0.950910 2114.996014
975 2.527368 2117.523382
976 0.900405 2118.423787
977 1.607771 2120.031558
978 1.057585 2121.089143
979 0.893861 2121.983004
980 1.343161 2123.326165
981 0.918927 2124.245092
982 1.467941 2125.713033
983 0.898938 2126.611971
984 0.989888 2127.601859
985 1.243260 2128.845119
986 1.199583 2130.044702
987 1.487023 2131.531725
988 0.953425 2132.485150
989 1.220753 2133.705903
990 0.935569 2134.641472
991 1.283666 2135.925138
992 0.957416 2136.882554
993 1.691114 2138.573668
994 0.934737 2139.508405
995 0.895510 2140.403915
996 0.963896 2141.367811
997 1.109238 2142.477049
998 1.033462 2143.510511
999 0.981792 2144.492303
1000 0.960775 2145.453078
1001 1.012108 2146.465186
1002 0.929855 2147.395041
1003 0.925262 2148.320303
1004 0.890141 2149.210444
1005 2.111950 2151.322394
1006 1.000942 2152.323336
1007 1.516664 2153.840000
1008 0.980455 2154.820455
1009 0.983567 2155.804022
1010 0.916687 2156.720709
1011 1.678247 2158.398956
1012 1.436350 2159.835306
1013 0.948756 2160.784062
1014 1.146213 2161.930275
1015 0.886406 2162.816681
1016 1.237007 2164.053688
1017 1.005019 2165.058707
1018 1.033116 2166.091823
1019 1.005905 2167.097728
1020 1.279145 2168.376873
1021 0.920133 2169.297006
1022 1.011320 2170.308326
1023 1.262786 2171.571112
1024 0.890426 2172.461538
1025 0.918990 2173.380528
1026 1.105201 2174.485729
1027 1.371897 2175.857626
1028 0.949013 2176.806639
1029 0.890466 2177.697105
1030 1.194752 2178.891857
1031 0.967303 2179.859160
1032 1.642100 2181.501260
1033 1.005325 2182.506585
1034 0.882338 2183.388923
1035 1.221961 2184.610884
1036 0.888254 2185.499138
1037 1.122162 2186.621300
1038 1.433605 2188.054905
1039 1.153854 2189.208759
1040 0.888946 2190.097705
1041 1.547512 2191.645217
1042 1.341679 2192.986896
1043 0.943614 2193.930510
1044 0.942842 2194.873352
1045 1.305602 2196.178954
1046 1.283980 2197.462934
1047 1.465130 2198.928064
1048 0.993052 2199.921116
1049 1.066420 2200.987536
1050 1.190835 2202.178371
1051 0.884934 2203.063305
1052 1.511020 2204.574325
1053 0.944349 2205.518674
1054 1.185729 2206.704403
1055 0.938646 2207.643049
1056 0.884032 2208.527081
1057 1.039605 2209.566686
1058 0.885153 2210.451839
1059 1.633644 2212.085483
1060 3.647605 2215.733088
1061 0.890556 2216.623644
1062 0.908215 2217.531859
1063 0.965683 2218.497542
1064 1.005347 2219.502889
1065 0.883823 2220.386712
1066 1.361105 2221.747817
1067 0.888620 2222.636437
1068 1.565913 2224.202350
1069 0.886593 2225.088943
1070 1.084847 2226.173790
1071 1.114849 2227.288639
1072 0.900053 2228.188692
1073 1.169427 2229.358119
1074 0.939263 2230.297382
1075 1.421696 2231.719078
1076 1.322392 2233.041470
1077 1.002992 2234.044462
1078 0.939338 2234.983800
1079 1.440242 2236.424042
1080 1.608051 2238.032093
1081 0.922889 2238.954982
1082 0.882355 2239.837337
1083 1.062186 2240.899523
1084 1.221805 2242.121328
1085 0.946585 2243.067913
1086 0.883587 2243.951500
1087 1.395428 2245.346928
1088 0.970064 2246.316992
1089 1.323901 2247.640893
1090 1.608343 2249.249236
1091 1.732460 2250.981696
1092 0.901505 2251.883201
1093 0.946664 2252.829865
1094 1.209588 2254.039453
1095 0.900265 2254.939718
1096 0.901766 2255.841484
1097 0.894947 2256.736431
1098 0.885783 2257.622214
1099 0.953050 2258.575264
1100 1.382023 2259.957287
1101 1.031694 2260.988981
1102 1.129510 2262.118491
1103 0.978614 2263.097105
1104 1.527183 2264.624288
1105 1.140085 2265.764373
1106 1.506131 2267.270504
1107 1.006787 2268.277291
1108 1.196443 2269.473734
1109 1.037333 2270.511067
1110 0.887643 2271.398710
1111 0.887655 2272.286365
1112 0.999458 2273.285823
1113 0.918900 2274.204723
1114 1.050841 2275.255564
1115 0.886023 2276.141587
1116 1.247500 2277.389087
1117 1.343545 2278.732632
1118 1.202346 2279.934978
1119 1.778934 2281.713912
1120 0.944130 2282.658042
1121 1.276745 2283.934787
1122 1.156711 2285.091498
1123 2.139190 2287.230688
1124 0.888234 2288.118922
1125 1.509467 2289.628389
1126 1.619975 2291.248364
1127 1.181315 2292.429679
1128 1.297949 2293.727628
1129 1.294885 2295.022513
1130 1.155818 2296.178331
1131 1.152567 2297.330898
1132 1.231115 2298.562013
1133 0.891458 2299.453471
1134 0.883414 2300.336885
1135 1.063159 2301.400044
1136 0.941977 2302.342021
1137 0.915665 2303.257686
1138 1.233236 2304.490922
1139 1.301641 2305.792563
1140 1.273897 2307.066460
1141 0.886718 2307.953178
1142 0.948581 2308.901759
1143 1.187394 2310.089153
1144 1.308626 2311.397779
1145 0.882304 2312.280083
1146 1.206892 2313.486975
1147 1.683186 2315.170161
1148 1.343571 2316.513732
1149 1.940797 2318.454529
1150 0.884317 2319.338846
1151 1.131457 2320.470303
1152 1.506060 2321.976363
1153 0.921840 2322.898203
1154 1.463109 2324.361312
1155 1.332960 2325.694272
1156 0.889124 2326.583396
1157 1.192833 2327.776229
1158 1.096041 2328.872270
1159 0.999043 2329.871313
1160 1.582270 2331.453583
1161 0.985410 2332.438993
1162 1.102750 2333.541743
1163 0.886568 2334.428311
1164 0.886325 2335.314636
1165 1.323093 2336.637729
1166 0.940800 2337.578529
1167 1.086240 2338.664769
1168 1.426179 2340.090948
1169 0.885582 2340.976530
1170 1.269506 2342.246036
1171 0.883805 2343.129841
1172 0.882316 2344.012157
1173 0.987969 2345.000126
1174 0.883856 2345.883982
1175 1.336253 2347.220235
1176 0.887143 2348.107378
1177 1.073686 2349.181064
1178 0.891558 2350.072622
1179 0.895560 2350.968182
1180 1.011454 2351.979636
1181 0.967720 2352.947356
1182 1.525426 2354.472782
1183 1.660269 2356.133051
1184 1.525084 2357.658135
1185 2.077230 2359.735365
1186 0.946766 2360.682131
1187 1.442343 2362.124474
1188 1.019369 2363.143843
1189 1.697651 2364.841494
1190 0.887837 2365.729331
1191 1.057677 2366.787008
1192 0.943868 2367.730876
1193 1.685914 2369.416790
1194 0.885303 2370.302093
1195 0.882920 2371.185013
1196 3.060134 2374.245147
1197 1.001426 2375.246573
1198 1.313861 2376.560434
1199 1.500505 2378.060939
1200 1.231520 2379.292459
1201 0.884619 2380.177078
1202 1.543578 2381.720656
1203 0.946548 2382.667204
1204 1.210099 2383.877303
1205 1.060306 2384.937609
1206 0.940479 2385.878088
1207 1.044613 2386.922701
1208 0.880323 2387.803024
1209 2.066729 2389.869753
1210 0.932596 2390.802349
1211 1.560705 2392.363054
1212 1.241750 2393.604804
1213 1.171589 2394.776393
1214 0.885619 2395.662012
1215 1.749696 2397.411708
1216 0.890897 2398.302605
1217 0.999245 2399.301850
1218 1.002306 2400.304156
1219 1.108897 2401.413053
1220 1.414835 2402.827888
1221 0.996940 2403.824828
1222 0.970514 2404.795342
1223 1.358337 2406.153679
1224 1.281384 2407.435063
1225 0.890556 2408.325619
1226 1.325379 2409.650998
1227 1.323796 2410.974794
1228 1.756893 2412.731687
1229 0.982840 2413.714527
1230 0.894455 2414.608982
1231 1.302327 2415.911309
1232 1.530210 2417.441519
1233 0.991971 2418.433490
1234 1.790170 2420.223660
1235 0.878912 2421.102572
1236 1.311729 2422.414301
1237 1.229028 2423.643329
1238 0.910365 2424.553694
1239 1.004376 2425.558070
1240 1.271900 2426.829970
1241 0.899211 2427.729181
1242 1.733789 2429.462970
1243 0.891002 2430.353972
1244 0.907881 2431.261853
1245 1.256335 2432.518188
1246 1.000072 2433.518260
1247 0.881344 2434.399604
1248 1.406596 2435.806200
1249 0.936835 2436.743035
1250 0.937706 2437.680741
1251 1.267597 2438.948338
1252 0.905151 2439.853489
1253 1.276593 2441.130082
1254 1.697537 2442.827619
1255 0.942305 2443.769924
1256 1.306221 2445.076145
1257 0.943405 2446.019550
1258 1.173765 2447.193315
1259 0.936706 2448.130021
1260 1.087161 2449.217182
1261 0.941646 2450.158828
1262 1.507072 2451.665900
1263 0.986784 2452.652684
1264 1.278507 2453.931191
1265 0.943224 2454.874415
1266 0.904186 2455.778601
1267 1.069497 2456.848098
1268 0.999219 2457.847317
1269 1.433619 2459.280936
1270 0.913001 2460.193937
1271 1.113935 2461.307872
1272 0.916217 2462.224089
1273 1.388127 2463.612216
1274 0.956479 2464.568695
1275 0.905307 2465.474002
1276 0.970166 2466.444168
1277 0.905860 2467.350028
1278 1.705650 2469.055678
1279 1.760051 2470.815729
1280 1.040051 2471.855780
1281 0.971652 2472.827432
1282 1.407117 2474.234549
1283 1.256012 2475.490561
1284 1.313354 2476.803915
1285 1.066599 2477.870514
1286 1.291248 2479.161762
1287 1.521335 2480.683097
1288 1.649972 2482.333069
1289 0.966395 2483.299464
1290 1.526409 2484.825873
1291 1.432496 2486.258369
1292 1.326544 2487.584913
1293 1.355813 2488.940726
1294 0.976682 2489.917408
1295 1.028159 2490.945567
1296 1.248831 2492.194398
1297 1.087737 2493.282135
1298 1.152869 2494.435004
1299 1.092703 2495.527707
1300 0.909437 2496.437144
1301 1.736179 2498.173323
1302 0.902333 2499.075656
1303 0.915309 2499.990965
1304 1.335555 2501.326520
1305 0.884920 2502.211440
1306 0.903281 2503.114721
1307 1.541289 2504.656010
1308 1.583068 2506.239078
1309 1.254190 2507.493268
1310 2.685654 2510.178922
1311 2.398252 2512.577174
1312 1.671395 2514.248569
1313 0.930064 2515.178633
1314 1.072266 2516.250899
1315 1.451790 2517.702689
1316 1.001797 2518.704486
1317 1.988056 2520.692542
1318 1.520311 2522.212853
1319 0.936067 2523.148920
1320 1.464056 2524.612976
1321 1.566414 2526.179390
1322 1.048304 2527.227694
1323 0.930526 2528.158220
1324 1.015949 2529.174169
1325 1.380021 2530.554190
1326 0.992151 2531.546341
1327 0.952398 2532.498739
1328 2.056964 2534.555703
1329 0.990121 2535.545824
1330 1.006243 2536.552067
1331 1.989992 2538.542059
1332 0.927696 2539.469755
1333 2.210487 2541.680242
1334 0.931917 2542.612159
1335 2.302045 2544.914204
1336 0.929791 2545.843995
1337 1.049056 2546.893051
1338 2.336993 2549.230044
1339 1.797216 2551.027260
1340 1.003669 2552.030929
1341 0.932840 2552.963769
1342 1.022079 2553.985848
1343 0.932849 2554.918697
1344 1.225923 2556.144620
1345 1.486473 2557.631093
1346 1.471018 2559.102111
1347 1.913585 2561.015696
1348 2.439592 2563.455288
1349 1.407083 2564.862371
1350 1.456334 2566.318705
1351 2.684841 2569.003546
1352 1.968962 2570.972508
1353 0.998361 2571.970869
1354 1.142389 2573.113258
done 1354 1.418905 2574.532163
