# instance assign_to_BCube_n10_k2_bw10_cpu16.pn
# Settings: Namespace(PN='../../../instances/fattree-bcube/BCube_n10_k2_bw10_cpu16.pn', VDC_LIST='../../../instances/fattree-bcube/instance_list_6vm_rnd.txt', affinity=False, affinity_soft=True, allow_virtual_switches_in_switches=True, anti_affinity=False, assert_all_physical_edges=False, binary_search=True, bitblast_addition=False, bitblast_addition_shadow=False, configured=True, conflict_limit=-1, deallocate_prob=0.0, debug=False, decide_opt_lits=True, directed_links=True, flush_pb_theory=False, force_virtual_switches=False, ignore_ram_constraints=True, ignore_storage_constraints=True, ijcai_settings=False, intrinsic_edge_constraints=False, intrinsic_edge_sets=True, logfile=None, max_cores=1, max_ram=1, max_storage=1, max_vms=6, min_cores=False, min_servers=False, opt_conflict_limit=0, opt_detect_sat=False, opt_time_limit=-1, output=None, popcount='BV', prop_assumps=True, refine_flow=True, remove_all_flow_cycles=False, remove_flow_cycles=False, remove_flow_cycles_python=False, rnd_restart=True, rnd_theory_freq=0.99, rnd_theory_order=False, separate_reach_constraints=False, static_flow_caps=True, theory_order_vsids=True, timelog='timelogs/config_results_vdcmapper_bcube10_6vm', tree_addition=True, use_cover_for_refinement=True, use_min_cost_max_flow=False, vsids_balance=1, vsids_both=True)
init 12.307210 12.307210
1 12.439779 24.746989
2 1.620102 26.367091
3 1.578568 27.945659
4 1.813395 29.759054
5 3.358735 33.117789
6 1.747381 34.865170
7 1.576585 36.441755
8 1.483705 37.925460
9 1.475148 39.400608
10 1.478562 40.879170
11 1.861428 42.740598
12 1.668667 44.409265
13 1.530691 45.939956
14 1.691939 47.631895
15 1.592503 49.224398
16 1.761831 50.986229
17 1.888766 52.874995
18 2.062814 54.937809
19 1.906776 56.844585
20 1.683696 58.528281
21 1.909403 60.437684
22 2.104157 62.541841
23 1.736837 64.278678
24 1.931923 66.210601
25 1.823374 68.033975
26 1.765001 69.798976
27 1.776041 71.575017
28 2.004658 73.579675
29 1.867767 75.447442
30 2.299467 77.746909
31 2.018971 79.765880
32 1.813213 81.579093
33 1.892781 83.471874
34 2.272153 85.744027
35 2.144674 87.888701
36 1.865831 89.754532
37 2.486627 92.241159
38 2.162911 94.404070
39 1.973582 96.377652
40 1.884410 98.262062
41 2.096900 100.358962
42 1.891933 102.250895
43 2.247903 104.498798
44 2.801078 107.299876
45 2.269004 109.568880
46 2.720925 112.289805
47 2.376039 114.665844
48 1.971794 116.637638
49 1.936378 118.574016
50 2.204647 120.778663
51 2.157534 122.936197
52 2.204084 125.140281
53 2.002123 127.142404
54 2.551735 129.694139
55 2.247160 131.941299
56 2.193379 134.134678
57 1.987449 136.122127
58 2.012309 138.134436
59 2.103036 140.237472
60 2.868459 143.105931
61 2.598329 145.704260
62 2.054020 147.758280
63 2.466151 150.224431
64 2.571232 152.795663
65 2.811682 155.607345
66 2.486578 158.093923
67 2.540354 160.634277
68 2.497891 163.132168
69 2.551793 165.683961
70 2.904937 168.588898
71 2.453289 171.042187
72 2.102690 173.144877
73 4.752654 177.897531
74 3.437113 181.334644
75 2.375377 183.710021
76 2.555362 186.265383
77 2.453084 188.718467
78 6.727043 195.445510
79 9.546428 204.991938
80 2.273848 207.265786
81 4.987121 212.252907
82 2.091147 214.344054
83 2.355006 216.699060
84 6.349609 223.048669
85 4.123471 227.172140
86 3.036643 230.208783
87 5.358634 235.567417
88 2.750279 238.317696
89 3.046664 241.364360
90 6.386212 247.750572
91 4.667536 252.418108
92 4.233336 256.651444
93 6.763225 263.414669
94 7.380783 270.795452
95 11.250377 282.045829
96 8.529962 290.575791
97 10.527100 301.102891
98 5.278753 306.381644
99 5.406151 311.787795
100 3.048671 314.836466
101 3.346506 318.182972
102 3.535040 321.718012
103 11.815964 333.533976
104 12.331551 345.865527
105 2.732773 348.598300
106 9.980656 358.578956
107 19.449738 378.028694
108 10.663378 388.692072
109 16.687035 405.379107
110 2.150239 407.529346
111 2.986881 410.516227
112 2.429675 412.945902
113 12.926183 425.872085
114 5.453787 431.325872
115 10.727289 442.053161
116 4.510168 446.563329
117 10.119266 456.682595
118 2.245270 458.927865
119 6.948304 465.876169
120 9.712357 475.588526
121 9.275386 484.863912
122 46.423277 531.287189
123 7.586744 538.873933
124 3.324463 542.198396
125 2.186978 544.385374
126 2.581122 546.966496
127 17.614539 564.581035
128 7.284901 571.865936
129 35.528479 607.394415
130 29.345596 636.740011
131 94.074921 730.814932
132 39.759728 770.574660
133 92.446105 863.020765
134 9.268381 872.289146
135 62.253690 934.542836
136 67.747094 1002.289930
137 116.448978 1118.738908
138 32.290462 1151.029370
139 44.157106 1195.186476
140 3.817775 1199.004251
141 10.349414 1209.353665
142 48.865289 1258.218954
143 59.824781 1318.043735
144 61.629641 1379.673376
145 76.983793 1456.657169
146 2.609081 1459.266250
147 28.160646 1487.426896
148 26.122169 1513.549065
149 67.349563 1580.898628
150 2.544633 1583.443261
151 59.266609 1642.709870
152 9.085377 1651.795247
153 72.378234 1724.173481
154 4.497192 1728.670673
155 9.540887 1738.211560
156 31.597671 1769.809231
157 47.144794 1816.954025
158 5.554232 1822.508257
159 6.088838 1828.597095
160 23.982858 1852.579953
161 35.441862 1888.021815
162 5.613135 1893.634950
163 3.737710 1897.372660
164 2.174184 1899.546844
165 17.328514 1916.875358
166 38.621790 1955.497148
167 2.280024 1957.777172
168 7.888799 1965.665971
169 32.689324 1998.355295
170 3.613022 2001.968317
171 33.016029 2034.984346
172 3.634660 2038.619006
173 4.576557 2043.195563
174 3.580153 2046.775716
175 82.822638 2129.598354
176 114.782497 2244.380851
177 3.858994 2248.239845
178 19.541115 2267.780960
179 45.027917 2312.808877
180 74.868758 2387.677635
181 62.567743 2450.245378
182 128.604290 2578.849668
183 18.988849 2597.838517
184 67.653275 2665.491792
185 28.417466 2693.909258
186 45.784225 2739.693483
187 4.499040 2744.192523
188 57.426018 2801.618541
189 6.158178 2807.776719
190 85.285293 2893.062012
191 4.027972 2897.089984
192 11.085797 2908.175781
193 20.800443 2928.976224
194 23.973687 2952.949911
195 4.178232 2957.128143
196 4.506864 2961.635007
197 5.563435 2967.198442
198 69.069392 3036.267834
199 42.721563 3078.989397
200 12.556537 3091.545934
201 7.366916 3098.912850
202 27.628697 3126.541547
203 135.496564 3262.038111
204 5.660417 3267.698528
205 6.785627 3274.484155
206 3.799107 3278.283262
207 2.795250 3281.078512
208 28.049482 3309.127994
209 6.562966 3315.690960
210 72.635303 3388.326263
211 122.329476 3510.655739
212 28.939217 3539.594956
213 32.205011 3571.799967
