# instance assign_to_Fattree_n16_k2_bw10_cpu16.pn
# Settings: Namespace(PN='../../../instances/fattree-bcube/Fattree_n16_k2_bw10_cpu16.pn', VDC_LIST='../../../instances/fattree-bcube/instance_list_6vm_rnd.txt', affinity=False, affinity_soft=True, allow_virtual_switches_in_switches=True, anti_affinity=False, assert_all_physical_edges=False, binary_search=True, bitblast_addition=False, bitblast_addition_shadow=False, configured=True, conflict_limit=-1, deallocate_prob=0.0, debug=False, decide_opt_lits=True, directed_links=True, flush_pb_theory=False, force_virtual_switches=False, ignore_ram_constraints=True, ignore_storage_constraints=True, ijcai_settings=False, intrinsic_edge_constraints=False, intrinsic_edge_sets=True, logfile=None, max_cores=1, max_ram=1, max_storage=1, max_vms=6, min_cores=False, min_servers=False, opt_conflict_limit=0, opt_detect_sat=False, opt_time_limit=-1, output=None, popcount='BV', prop_assumps=True, refine_flow=True, remove_all_flow_cycles=False, remove_flow_cycles=False, remove_flow_cycles_python=False, rnd_restart=True, rnd_theory_freq=0.99, rnd_theory_order=False, separate_reach_constraints=False, static_flow_caps=True, theory_order_vsids=True, timelog='timelogs/config_results_vdcmapper_fattree16_6vm', tree_addition=True, use_cover_for_refinement=True, use_min_cost_max_flow=False, vsids_balance=1, vsids_both=True)
init 12.884642 12.884642
1 12.985642 25.870284
2 1.643148 27.513432
3 1.812300 29.325732
4 1.595969 30.921701
5 3.056864 33.978565
6 1.796009 35.774574
7 1.785295 37.559869
8 1.510892 39.070761
9 1.737031 40.807792
10 1.501078 42.308870
11 1.765536 44.074406
12 1.607273 45.681679
13 1.505568 47.187247
14 1.834563 49.021810
15 1.574263 50.596073
16 1.623157 52.219230
17 1.629162 53.848392
18 1.750636 55.599028
19 1.513555 57.112583
20 1.681117 58.793700
21 1.628684 60.422384
22 1.530824 61.953208
23 1.529145 63.482353
24 1.885387 65.367740
25 1.614066 66.981806
26 1.538737 68.520543
27 1.883840 70.404383
28 1.649766 72.054149
29 1.614940 73.669089
30 1.662562 75.331651
31 1.736799 77.068450
32 1.584420 78.652870
33 1.597334 80.250204
34 1.958654 82.208858
35 2.227523 84.436381
36 1.600704 86.037085
37 1.711554 87.748639
38 1.760581 89.509220
39 1.627177 91.136397
40 1.630735 92.767132
41 1.804023 94.571155
42 1.633324 96.204479
43 1.777170 97.981649
44 1.812494 99.794143
45 1.918277 101.712420
46 1.652824 103.365244
47 1.842800 105.208044
48 1.670617 106.878661
49 1.656625 108.535286
50 1.783740 110.319026
51 1.771006 112.090032
52 1.805335 113.895367
53 1.932974 115.828341
54 1.789714 117.618055
55 1.685351 119.303406
56 1.863932 121.167338
57 1.733632 122.900970
58 1.839100 124.740070
59 1.698748 126.438818
60 1.877306 128.316124
61 1.700129 130.016253
62 1.709489 131.725742
63 2.104272 133.830014
64 1.842863 135.672877
65 1.726598 137.399475
66 1.829567 139.229042
67 1.744571 140.973613
68 1.711448 142.685061
69 1.831873 144.516934
70 1.835867 146.352801
71 7.229897 153.582698
72 1.747314 155.330012
73 2.327981 157.657993
74 1.811373 159.469366
75 1.807975 161.277341
76 2.336159 163.613500
77 1.826883 165.440383
78 1.992129 167.432512
79 1.887398 169.319910
80 2.210849 171.530759
81 2.241614 173.772373
82 2.058566 175.830939
83 1.761820 177.592759
84 1.880497 179.473256
85 1.781308 181.254564
86 1.889919 183.144483
87 1.765293 184.909776
88 1.775928 186.685704
89 1.767211 188.452915
90 2.007685 190.460600
91 1.827789 192.288389
92 2.180733 194.469122
93 1.896309 196.365431
94 2.032025 198.397456
95 2.040628 200.438084
96 1.907746 202.345830
97 2.022157 204.367987
98 1.780696 206.148683
99 1.777578 207.926261
100 1.816618 209.742879
101 2.048011 211.790890
102 1.780679 213.571569
103 1.897203 215.468772
104 1.790694 217.259466
105 1.778573 219.038039
106 2.054381 221.092420
107 1.829215 222.921635
108 2.139793 225.061428
109 2.055762 227.117190
110 1.786708 228.903898
111 2.047796 230.951694
112 1.787366 232.739060
113 1.897340 234.636400
114 3.190922 237.827322
115 2.217618 240.044940
116 2.054363 242.099303
117 1.788786 243.888089
118 1.847139 245.735228
119 1.964787 247.700015
120 2.256602 249.956617
121 2.193934 252.150551
122 2.194270 254.344821
123 1.768350 256.113171
124 1.770407 257.883578
125 1.793932 259.677510
126 2.135618 261.813128
127 2.075627 263.888755
128 1.918448 265.807203
129 1.960528 267.767731
130 2.161589 269.929320
131 2.058594 271.987914
132 1.917710 273.905624
133 2.004576 275.910200
134 1.943655 277.853855
135 2.008414 279.862269
136 2.146812 282.009081
137 2.124135 284.133216
138 2.064796 286.198012
139 1.940448 288.138460
140 2.347999 290.486459
141 2.409087 292.895546
142 2.416597 295.312143
143 1.941304 297.253447
144 2.432609 299.686056
145 2.159704 301.845760
146 1.891409 303.737169
147 1.890500 305.627669
148 1.904459 307.532128
149 1.818552 309.350680
150 1.785931 311.136611
151 2.355374 313.491985
152 2.541120 316.033105
153 1.819114 317.852219
154 1.793102 319.645321
155 2.093958 321.739279
156 2.202199 323.941478
157 1.888423 325.829901
158 2.633023 328.462924
159 2.433209 330.896133
160 2.329501 333.225634
161 3.036975 336.262609
162 2.400432 338.663041
163 1.951022 340.614063
164 1.794006 342.408069
165 1.920288 344.328357
166 1.801888 346.130245
167 1.796858 347.927103
168 1.804405 349.731508
169 1.912961 351.644469
170 1.921427 353.565896
171 2.235562 355.801458
172 2.080818 357.882276
173 1.860607 359.742883
174 1.805184 361.548067
175 1.921079 363.469146
176 1.803723 365.272869
177 1.929659 367.202528
178 1.923110 369.125638
179 1.850150 370.975788
180 2.229050 373.204838
181 2.227440 375.432278
182 1.878412 377.310690
183 3.174022 380.484712
184 2.557030 383.041742
185 1.942108 384.983850
186 1.877362 386.861212
187 1.935052 388.796264
188 2.234286 391.030550
189 1.966396 392.996946
190 1.882432 394.879378
191 1.805200 396.684578
192 1.862885 398.547463
193 2.208627 400.756090
194 2.306954 403.063044
195 1.813972 404.877016
196 1.928234 406.805250
197 1.819497 408.624747
198 2.030189 410.654936
199 2.022334 412.677270
200 1.927983 414.605253
201 1.934243 416.539496
202 2.298834 418.838330
203 2.313017 421.151347
204 1.858355 423.009702
205 2.039724 425.049426
206 2.453127 427.502553
207 1.813799 429.316352
208 2.030383 431.346735
209 1.930109 433.276844
210 1.936880 435.213724
211 1.822245 437.035969
212 2.278022 439.313991
213 2.159617 441.473608
214 3.381256 444.854864
215 2.316558 447.171422
216 2.385560 449.556982
217 4.624366 454.181348
218 2.053695 456.235043
219 2.056629 458.291672
220 2.819669 461.111341
221 2.041407 463.152748
222 2.074699 465.227447
223 2.006041 467.233488
224 1.881779 469.115267
225 2.724157 471.839424
226 2.497023 474.336447
227 2.172324 476.508771
228 1.972959 478.481730
229 3.604828 482.086558
230 2.751842 484.838400
231 2.641042 487.479442
232 2.125813 489.605255
233 1.966822 491.572077
234 2.597981 494.170058
235 3.153121 497.323179
236 2.524615 499.847794
237 2.294758 502.142552
238 3.520491 505.663043
239 3.852859 509.515902
240 1.869877 511.385779
241 2.590802 513.976581
242 2.635233 516.611814
243 2.631221 519.243035
244 2.274591 521.517626
245 2.072585 523.590211
246 2.030318 525.620529
247 3.150592 528.771121
248 2.942413 531.713534
249 2.097613 533.811147
250 1.995577 535.806724
251 2.282245 538.088969
252 2.275208 540.364177
253 5.369288 545.733465
254 6.645335 552.378800
255 3.092617 555.471417
256 3.060351 558.531768
257 2.789386 561.321154
258 2.521405 563.842559
259 2.704279 566.546838
260 2.728208 569.275046
261 2.550291 571.825337
262 2.558381 574.383718
263 4.282577 578.666295
264 3.106847 581.773142
265 4.902693 586.675835
266 3.764868 590.440703
267 2.721159 593.161862
268 2.521697 595.683559
269 2.815601 598.499160
270 2.626075 601.125235
271 2.116760 603.241995
272 2.688863 605.930858
273 2.702444 608.633302
274 1.943721 610.577023
275 2.083894 612.660917
276 2.011005 614.671922
277 2.233082 616.905004
278 2.832553 619.737557
279 2.724518 622.462075
280 2.073815 624.535890
281 2.424174 626.960064
282 2.069679 629.029743
283 2.263302 631.293045
284 2.033906 633.326951
285 2.403103 635.730054
286 1.930315 637.660369
287 2.140707 639.801076
288 2.374716 642.175792
289 2.908517 645.084309
290 2.434448 647.518757
291 2.374722 649.893479
292 2.045969 651.939448
293 3.410774 655.350222
294 2.573806 657.924028
295 2.017713 659.941741
296 2.042252 661.983993
297 1.936594 663.920587
298 1.992316 665.912903
299 2.668488 668.581391
300 2.125929 670.707320
301 2.776323 673.483643
302 2.367885 675.851528
303 1.923199 677.774727
304 2.388392 680.163119
305 2.128589 682.291708
306 2.164416 684.456124
307 2.801974 687.258098
308 2.526675 689.784773
309 2.522452 692.307225
310 2.126866 694.434091
311 2.174173 696.608264
312 1.920090 698.528354
313 1.923467 700.451821
314 2.817732 703.269553
315 3.182714 706.452267
316 2.122651 708.574918
317 2.339456 710.914374
318 2.694299 713.608673
319 2.375566 715.984239
320 2.164941 718.149180
321 2.641815 720.790995
322 2.506691 723.297686
323 2.730636 726.028322
324 2.807783 728.836105
325 3.547208 732.383313
326 2.730887 735.114200
327 3.065187 738.179387
328 2.346682 740.526069
329 2.805977 743.332046
330 2.729769 746.061815
331 2.439973 748.501788
332 2.869195 751.370983
333 4.368825 755.739808
334 2.218955 757.958763
335 2.500834 760.459597
336 2.804528 763.264125
337 1.978062 765.242187
338 3.020730 768.262917
339 2.551868 770.814785
340 2.730696 773.545481
341 2.097638 775.643119
342 2.098838 777.741957
343 2.734878 780.476835
344 3.771844 784.248679
345 2.635075 786.883754
346 3.519073 790.402827
347 1.948159 792.350986
348 2.067283 794.418269
349 2.528743 796.947012
350 3.264585 800.211597
351 2.864990 803.076587
352 2.824501 805.901088
353 2.700431 808.601519
354 2.705493 811.307012
355 2.015956 813.322968
356 2.071367 815.394335
357 3.103182 818.497517
358 2.958836 821.456353
359 3.534521 824.990874
360 2.340528 827.331402
361 2.154260 829.485662
362 2.524539 832.010201
363 4.458110 836.468311
364 3.214496 839.682807
365 2.563098 842.245905
366 2.372570 844.618475
367 2.429719 847.048194
368 2.246454 849.294648
369 2.618267 851.912915
370 4.896846 856.809761
371 4.300369 861.110130
372 3.986669 865.096799
373 4.962640 870.059439
374 3.133320 873.192759
375 3.788773 876.981532
376 1.969320 878.950852
377 1.972463 880.923315
378 2.942159 883.865474
379 4.426908 888.292382
380 3.421466 891.713848
381 2.311215 894.025063
382 2.457322 896.482385
383 4.474060 900.956445
384 2.301051 903.257496
385 2.417647 905.675143
386 2.173062 907.848205
387 4.077198 911.925403
388 2.142970 914.068373
389 3.539550 917.607923
390 2.199360 919.807283
391 2.205824 922.013107
392 2.287012 924.300119
393 2.697477 926.997596
394 4.751628 931.749224
395 3.933982 935.683206
396 3.341787 939.024993
397 3.466154 942.491147
398 2.372130 944.863277
399 2.239197 947.102474
400 9.136735 956.239209
401 2.567429 958.806638
402 2.378687 961.185325
403 2.071897 963.257222
404 2.435660 965.692882
405 2.379223 968.072105
406 2.109398 970.181503
407 2.827554 973.009057
408 2.342996 975.352053
409 2.868418 978.220471
410 2.699508 980.919979
411 3.622790 984.542769
412 6.487234 991.030003
413 2.595081 993.625084
414 2.351879 995.976963
415 2.825625 998.802588
416 2.230672 1001.033260
417 2.145350 1003.178610
418 2.505026 1005.683636
419 3.590733 1009.274369
420 3.193670 1012.468039
421 2.522381 1014.990420
422 3.034434 1018.024854
423 9.072501 1027.097355
424 2.130477 1029.227832
425 2.828659 1032.056491
426 2.983396 1035.039887
427 2.643437 1037.683324
428 3.490638 1041.173962
429 2.925653 1044.099615
430 3.019943 1047.119558
431 2.020148 1049.139706
432 1.980609 1051.120315
433 2.005461 1053.125776
434 1.983767 1055.109543
435 3.947871 1059.057414
436 2.627394 1061.684808
437 3.692063 1065.376871
438 3.422702 1068.799573
439 2.972338 1071.771911
440 3.642216 1075.414127
441 3.388689 1078.802816
442 2.224117 1081.026933
443 3.614707 1084.641640
444 3.825365 1088.467005
445 2.245702 1090.712707
446 2.365247 1093.077954
447 2.710762 1095.788716
448 3.081523 1098.870239
449 2.227864 1101.098103
450 2.288199 1103.386302
451 2.429771 1105.816073
452 2.375315 1108.191388
453 2.961915 1111.153303
454 2.409530 1113.562833
455 2.701619 1116.264452
456 2.122020 1118.386472
457 2.183567 1120.570039
458 2.328457 1122.898496
459 2.165995 1125.064491
460 2.149320 1127.213811
461 2.023643 1129.237454
462 2.288586 1131.526040
463 2.252052 1133.778092
464 2.338506 1136.116598
465 2.284077 1138.400675
466 2.657771 1141.058446
467 2.221256 1143.279702
468 2.542904 1145.822606
469 2.185278 1148.007884
470 2.511993 1150.519877
471 2.402380 1152.922257
472 2.549396 1155.471653
473 2.036224 1157.507877
474 2.209427 1159.717304
475 2.686121 1162.403425
476 2.713068 1165.116493
477 2.687053 1167.803546
478 2.777748 1170.581294
479 4.722996 1175.304290
480 2.019610 1177.323900
481 2.087624 1179.411524
482 2.958524 1182.370048
483 2.582778 1184.952826
484 4.586362 1189.539188
485 2.965307 1192.504495
486 3.261500 1195.765995
487 2.622147 1198.388142
488 3.002877 1201.391019
489 2.638934 1204.029953
490 2.212985 1206.242938
491 2.432122 1208.675060
492 2.450371 1211.125431
493 3.370186 1214.495617
494 3.698814 1218.194431
495 2.084483 1220.278914
496 2.376620 1222.655534
497 2.291405 1224.946939
498 2.555772 1227.502711
499 2.547067 1230.049778
500 8.332130 1238.381908
501 3.863482 1242.245390
502 9.847866 1252.093256
503 4.260011 1256.353267
504 2.956735 1259.310002
505 3.555898 1262.865900
506 2.418602 1265.284502
507 2.456996 1267.741498
508 4.263870 1272.005368
509 4.508940 1276.514308
510 3.621076 1280.135384
511 3.573827 1283.709211
512 6.364633 1290.073844
513 3.114589 1293.188433
514 3.748231 1296.936664
515 2.428850 1299.365514
516 2.628241 1301.993755
517 2.625173 1304.618928
518 2.033165 1306.652093
519 2.088876 1308.740969
520 2.264377 1311.005346
521 3.321708 1314.327054
522 3.579904 1317.906958
523 3.618849 1321.525807
524 2.853637 1324.379444
525 3.558455 1327.937899
526 3.040321 1330.978220
527 5.624342 1336.602562
528 4.331320 1340.933882
529 3.878124 1344.812006
530 2.704331 1347.516337
531 8.031183 1355.547520
532 2.887985 1358.435505
533 3.277478 1361.712983
534 2.315051 1364.028034
535 3.244877 1367.272911
536 2.091460 1369.364371
537 2.499816 1371.864187
538 3.052298 1374.916485
539 2.520040 1377.436525
540 3.127563 1380.564088
541 2.357012 1382.921100
542 2.387213 1385.308313
543 2.521797 1387.830110
544 2.561847 1390.391957
545 2.510385 1392.902342
546 3.080814 1395.983156
547 2.362683 1398.345839
548 2.162780 1400.508619
549 2.039739 1402.548358
550 2.120598 1404.668956
551 2.163699 1406.832655
552 3.512027 1410.344682
553 3.337862 1413.682544
554 4.454869 1418.137413
555 3.516302 1421.653715
556 3.890588 1425.544303
557 2.939004 1428.483307
558 2.660074 1431.143381
559 2.392440 1433.535821
560 2.108924 1435.644745
561 2.607779 1438.252524
562 2.115818 1440.368342
563 2.501553 1442.869895
564 2.520438 1445.390333
565 3.678454 1449.068787
566 2.705681 1451.774468
567 2.526525 1454.300993
568 2.528613 1456.829606
569 2.438637 1459.268243
570 2.458538 1461.726781
571 2.398308 1464.125089
572 3.192825 1467.317914
573 2.303641 1469.621555
574 3.200496 1472.822051
575 5.347533 1478.169584
576 2.574144 1480.743728
577 3.618712 1484.362440
578 4.230226 1488.592666
579 3.007878 1491.600544
580 2.342717 1493.943261
581 2.038778 1495.982039
582 2.824728 1498.806767
583 3.212604 1502.019371
584 2.332862 1504.352233
585 2.821297 1507.173530
586 2.879700 1510.053230
587 3.099931 1513.153161
588 2.371315 1515.524476
589 4.057052 1519.581528
590 2.146384 1521.727912
591 2.323352 1524.051264
592 3.368762 1527.420026
593 2.230957 1529.650983
594 3.166715 1532.817698
595 2.154782 1534.972480
596 2.165033 1537.137513
597 3.020562 1540.158075
598 5.230822 1545.388897
599 3.871866 1549.260763
600 6.384215 1555.644978
601 4.603878 1560.248856
602 2.729347 1562.978203
603 3.370629 1566.348832
604 2.182828 1568.531660
605 2.873621 1571.405281
606 2.072531 1573.477812
607 6.053074 1579.530886
608 5.797987 1585.328873
609 3.835900 1589.164773
610 2.868522 1592.033295
611 3.567614 1595.600909
612 5.336370 1600.937279
613 2.789003 1603.726282
614 2.359146 1606.085428
615 2.260088 1608.345516
616 3.891515 1612.237031
617 3.438766 1615.675797
618 2.585142 1618.260939
619 2.061131 1620.322070
620 2.085125 1622.407195
621 2.393926 1624.801121
622 2.984054 1627.785175
623 2.113554 1629.898729
624 3.171855 1633.070584
625 3.284464 1636.355048
626 4.253593 1640.608641
627 3.292866 1643.901507
628 3.201937 1647.103444
629 3.722956 1650.826400
630 2.138963 1652.965363
631 2.750814 1655.716177
632 4.390329 1660.106506
633 3.433869 1663.540375
634 2.432561 1665.972936
635 2.476505 1668.449441
636 3.300095 1671.749536
637 4.071502 1675.821038
638 4.041405 1679.862443
639 2.704372 1682.566815
640 2.365451 1684.932266
641 2.411354 1687.343620
642 2.212154 1689.555774
643 2.979401 1692.535175
644 3.708597 1696.243772
645 2.800331 1699.044103
646 2.301669 1701.345772
647 2.738900 1704.084672
648 2.176543 1706.261215
649 2.501525 1708.762740
650 2.158000 1710.920740
651 3.336974 1714.257714
652 3.710169 1717.967883
653 2.756936 1720.724819
654 2.242239 1722.967058
655 2.516287 1725.483345
656 2.874451 1728.357796
657 2.371551 1730.729347
658 2.174219 1732.903566
659 2.117861 1735.021427
660 2.809946 1737.831373
661 2.862106 1740.693479
662 2.273053 1742.966532
663 3.910909 1746.877441
664 2.496411 1749.373852
665 2.075226 1751.449078
666 2.077554 1753.526632
667 2.408372 1755.935004
668 2.818055 1758.753059
669 2.732738 1761.485797
670 2.306013 1763.791810
671 2.368070 1766.159880
672 3.202438 1769.362318
673 2.174484 1771.536802
674 2.419019 1773.955821
675 2.260839 1776.216660
676 2.125406 1778.342066
677 2.090472 1780.432538
678 2.077076 1782.509614
679 2.075508 1784.585122
680 2.071663 1786.656785
681 2.500042 1789.156827
682 2.222810 1791.379637
683 2.084560 1793.464197
684 2.520422 1795.984619
685 2.375231 1798.359850
686 4.862177 1803.222027
687 5.900017 1809.122044
688 3.947532 1813.069576
689 2.064819 1815.134395
690 2.413994 1817.548389
691 2.078685 1819.627074
692 2.078736 1821.705810
693 2.413328 1824.119138
694 3.488909 1827.608047
695 2.960611 1830.568658
696 2.193422 1832.762080
697 3.177226 1835.939306
698 3.155047 1839.094353
699 2.816859 1841.911212
700 2.270512 1844.181724
701 2.756858 1846.938582
702 2.424376 1849.362958
703 2.705978 1852.068936
704 2.100439 1854.169375
705 2.315580 1856.484955
706 2.511679 1858.996634
707 3.198570 1862.195204
708 2.297481 1864.492685
709 2.932393 1867.425078
710 5.591375 1873.016453
711 2.723422 1875.739875
712 2.885681 1878.625556
713 2.421732 1881.047288
714 2.661302 1883.708590
715 3.118782 1886.827372
716 2.401684 1889.229056
717 2.687826 1891.916882
718 2.063572 1893.980454
719 3.940289 1897.920743
720 2.922776 1900.843519
721 3.464914 1904.308433
722 2.551123 1906.859556
723 2.346546 1909.206102
724 2.310690 1911.516792
725 2.997255 1914.514047
726 2.419861 1916.933908
727 2.366343 1919.300251
728 2.540396 1921.840647
729 2.655530 1924.496177
730 3.416335 1927.912512
731 2.989993 1930.902505
732 3.898299 1934.800804
733 2.127738 1936.928542
734 2.162862 1939.091404
735 4.036197 1943.127601
736 2.804753 1945.932354
737 3.445712 1949.378066
738 2.518159 1951.896225
739 2.510315 1954.406540
740 2.263499 1956.670039
741 2.707605 1959.377644
742 2.730961 1962.108605
743 5.941763 1968.050368
744 3.933764 1971.984132
745 3.116013 1975.100145
746 3.166078 1978.266223
747 2.868011 1981.134234
748 5.205479 1986.339713
749 2.263491 1988.603204
750 3.431207 1992.034411
751 2.748481 1994.782892
752 2.343748 1997.126640
753 2.306996 1999.433636
754 2.938204 2002.371840
755 2.174696 2004.546536
756 2.120525 2006.667061
757 2.107135 2008.774196
758 2.085859 2010.860055
759 2.266308 2013.126363
760 2.495053 2015.621416
761 4.414057 2020.035473
762 2.521064 2022.556537
763 2.379725 2024.936262
764 3.478200 2028.414462
765 3.157462 2031.571924
766 4.360703 2035.932627
767 3.802296 2039.734923
768 2.944694 2042.679617
769 3.407887 2046.087504
770 2.327598 2048.415102
771 2.609130 2051.024232
772 10.773114 2061.797346
773 6.399421 2068.196767
774 5.201294 2073.398061
775 2.527858 2075.925919
776 2.465463 2078.391382
777 3.260636 2081.652018
778 2.689945 2084.341963
779 3.109880 2087.451843
780 2.607794 2090.059637
781 2.248998 2092.308635
782 2.100511 2094.409146
783 2.167400 2096.576546
784 2.605558 2099.182104
785 2.393928 2101.576032
786 2.404955 2103.980987
787 2.244134 2106.225121
788 2.426290 2108.651411
789 3.503473 2112.154884
790 4.346441 2116.501325
791 3.370465 2119.871790
792 2.550672 2122.422462
793 3.071504 2125.493966
794 3.077053 2128.571019
795 3.388989 2131.960008
796 4.735463 2136.695471
797 2.290163 2138.985634
798 2.141243 2141.126877
799 2.563834 2143.690711
800 2.963641 2146.654352
801 3.018322 2149.672674
802 2.512375 2152.185049
803 2.605629 2154.790678
804 2.462474 2157.253152
805 2.405408 2159.658560
806 2.486581 2162.145141
807 2.645163 2164.790304
808 5.161397 2169.951701
809 2.388130 2172.339831
810 2.677442 2175.017273
811 2.930965 2177.948238
812 3.552221 2181.500459
813 2.907470 2184.407929
814 3.496020 2187.903949
815 2.139755 2190.043704
816 2.245993 2192.289697
817 2.473007 2194.762704
818 2.833969 2197.596673
819 3.163884 2200.760557
820 4.659916 2205.420473
821 4.026679 2209.447152
822 3.954826 2213.401978
823 6.843153 2220.245131
824 3.613315 2223.858446
825 2.140506 2225.998952
826 2.280955 2228.279907
827 2.503632 2230.783539
828 2.344535 2233.128074
829 2.370449 2235.498523
830 2.198578 2237.697101
831 2.254908 2239.952009
832 2.267378 2242.219387
833 5.819210 2248.038597
834 3.798165 2251.836762
835 3.525184 2255.361946
836 9.107813 2264.469759
837 2.227710 2266.697469
838 2.359989 2269.057458
839 2.724463 2271.781921
840 3.747672 2275.529593
841 2.566105 2278.095698
842 2.214649 2280.310347
843 2.878088 2283.188435
844 3.213015 2286.401450
845 3.296815 2289.698265
846 4.488538 2294.186803
847 5.437633 2299.624436
848 3.319042 2302.943478
849 5.582309 2308.525787
850 2.370509 2310.896296
851 4.201011 2315.097307
852 2.907043 2318.004350
853 2.380689 2320.385039
854 4.296739 2324.681778
855 3.426373 2328.108151
856 4.657411 2332.765562
857 2.161666 2334.927228
858 2.404763 2337.331991
859 2.952913 2340.284904
860 2.182497 2342.467401
861 2.406485 2344.873886
862 3.320659 2348.194545
863 2.818935 2351.013480
864 3.783919 2354.797399
865 3.334498 2358.131897
866 4.104567 2362.236464
867 4.484530 2366.720994
868 8.928957 2375.649951
869 2.451243 2378.101194
870 3.874602 2381.975796
871 3.339696 2385.315492
872 2.996226 2388.311718
873 2.768444 2391.080162
874 2.567823 2393.647985
875 4.849028 2398.497013
876 6.404000 2404.901013
877 2.374390 2407.275403
878 9.982211 2417.257614
879 2.835733 2420.093347
880 2.850959 2422.944306
881 2.863677 2425.807983
882 2.524841 2428.332824
883 2.287438 2430.620262
884 2.242132 2432.862394
885 2.119149 2434.981543
886 3.097729 2438.079272
887 2.182147 2440.261419
888 2.127543 2442.388962
889 2.121743 2444.510705
890 2.270547 2446.781252
891 3.379304 2450.160556
892 2.128260 2452.288816
893 3.473353 2455.762169
894 3.406685 2459.168854
895 2.760087 2461.928941
896 4.005795 2465.934736
897 2.435605 2468.370341
898 3.824474 2472.194815
899 2.223263 2474.418078
900 2.611767 2477.029845
901 2.323950 2479.353795
902 3.134685 2482.488480
903 3.140487 2485.628967
904 3.801608 2489.430575
905 2.433574 2491.864149
906 2.873249 2494.737398
907 2.338557 2497.075955
908 2.725312 2499.801267
909 3.186316 2502.987583
910 2.334116 2505.321699
911 2.162735 2507.484434
912 2.841492 2510.325926
913 2.768996 2513.094922
914 2.270759 2515.365681
915 3.400499 2518.766180
916 2.435705 2521.201885
917 2.789105 2523.990990
918 2.279270 2526.270260
919 3.565250 2529.835510
920 3.646512 2533.482022
921 2.237154 2535.719176
922 2.279792 2537.998968
923 3.068855 2541.067823
924 3.248083 2544.315906
925 2.735511 2547.051417
926 3.167374 2550.218791
927 2.378580 2552.597371
928 2.342316 2554.939687
929 4.207010 2559.146697
930 2.448015 2561.594712
931 2.282765 2563.877477
932 2.140754 2566.018231
933 2.391721 2568.409952
934 3.014824 2571.424776
935 3.742346 2575.167122
936 3.309708 2578.476830
937 3.234081 2581.710911
938 3.128956 2584.839867
939 5.421746 2590.261613
940 3.824487 2594.086100
941 5.027016 2599.113116
942 4.303884 2603.417000
943 2.223736 2605.640736
944 2.422498 2608.063234
945 6.044314 2614.107548
946 4.777691 2618.885239
947 2.750109 2621.635348
948 2.653787 2624.289135
949 5.570642 2629.859777
950 2.320233 2632.180010
951 4.720331 2636.900341
952 2.633412 2639.533753
953 2.325024 2641.858777
954 2.666538 2644.525315
955 3.285800 2647.811115
956 2.483871 2650.294986
957 2.985781 2653.280767
958 3.328352 2656.609119
959 2.544794 2659.153913
960 3.350709 2662.504622
961 2.431474 2664.936096
962 2.288990 2667.225086
963 3.009714 2670.234800
964 2.280911 2672.515711
965 2.858966 2675.374677
966 2.316602 2677.691279
967 2.639153 2680.330432
968 2.580662 2682.911094
969 2.418123 2685.329217
970 2.332077 2687.661294
971 2.630146 2690.291440
972 2.938592 2693.230032
973 2.254042 2695.484074
974 2.340330 2697.824404
975 2.419616 2700.244020
976 4.473391 2704.717411
977 2.413291 2707.130702
978 2.328649 2709.459351
979 2.122464 2711.581815
980 2.862504 2714.444319
981 4.416875 2718.861194
982 2.725541 2721.586735
983 2.611316 2724.198051
984 2.565363 2726.763414
985 2.217956 2728.981370
986 2.119302 2731.100672
987 2.518216 2733.618888
988 3.653681 2737.272569
989 2.906695 2740.179264
990 2.579983 2742.759247
991 2.227519 2744.986766
992 2.617063 2747.603829
993 2.299578 2749.903407
994 2.121187 2752.024594
995 2.915939 2754.940533
996 2.687776 2757.628309
997 4.277001 2761.905310
998 3.533725 2765.439035
999 3.813870 2769.252905
1000 3.510789 2772.763694
1001 3.061269 2775.824963
1002 2.246809 2778.071772
1003 2.192932 2780.264704
1004 2.113811 2782.378515
1005 2.713323 2785.091838
1006 2.897435 2787.989273
1007 2.429860 2790.419133
1008 2.138746 2792.557879
1009 2.342412 2794.900291
1010 2.124392 2797.024683
1011 2.452672 2799.477355
1012 2.779991 2802.257346
1013 4.567534 2806.824880
1014 3.569321 2810.394201
1015 2.774624 2813.168825
1016 2.362460 2815.531285
1017 2.813141 2818.344426
1018 2.643300 2820.987726
1019 3.681073 2824.668799
1020 2.372395 2827.041194
1021 3.051974 2830.093168
1022 2.572631 2832.665799
1023 2.535458 2835.201257
1024 2.560396 2837.761653
1025 2.881169 2840.642822
1026 2.832398 2843.475220
1027 2.814118 2846.289338
1028 4.124870 2850.414208
1029 7.223211 2857.637419
1030 2.739881 2860.377300
1031 4.256607 2864.633907
1032 4.133049 2868.766956
1033 10.110098 2878.877054
1034 2.947859 2881.824913
1035 4.034853 2885.859766
1036 5.158792 2891.018558
1037 3.113343 2894.131901
1038 2.942051 2897.073952
1039 2.417554 2899.491506
1040 2.398132 2901.889638
1041 2.352450 2904.242088
1042 3.788706 2908.030794
1043 3.455995 2911.486789
1044 7.527348 2919.014137
1045 2.158316 2921.172453
1046 2.133410 2923.305863
1047 2.451607 2925.757470
1048 3.648570 2929.406040
1049 3.679760 2933.085800
1050 2.750734 2935.836534
1051 2.531665 2938.368199
1052 2.619822 2940.988021
1053 2.476616 2943.464637
1054 3.481345 2946.945982
1055 2.935865 2949.881847
1056 4.570764 2954.452611
1057 2.251700 2956.704311
1058 3.387559 2960.091870
1059 2.610728 2962.702598
1060 3.328333 2966.030931
1061 3.285573 2969.316504
1062 2.592811 2971.909315
1063 2.384603 2974.293918
1064 2.380317 2976.674235
1065 2.894069 2979.568304
1066 3.863618 2983.431922
1067 3.583719 2987.015641
1068 3.424964 2990.440605
1069 2.595931 2993.036536
1070 2.790992 2995.827528
1071 2.975420 2998.802948
1072 5.142375 3003.945323
1073 3.130793 3007.076116
1074 2.600616 3009.676732
1075 2.770803 3012.447535
1076 4.406769 3016.854304
1077 3.899459 3020.753763
1078 4.495156 3025.248919
1079 3.434113 3028.683032
1080 4.145813 3032.828845
1081 2.233080 3035.061925
1082 2.202010 3037.263935
1083 3.350833 3040.614768
1084 3.222387 3043.837155
1085 5.062641 3048.899796
1086 5.592194 3054.491990
1087 2.140572 3056.632562
1088 2.270539 3058.903101
1089 2.996518 3061.899619
1090 5.093410 3066.993029
1091 3.032673 3070.025702
1092 3.408715 3073.434417
1093 3.099060 3076.533477
1094 2.298534 3078.832011
1095 2.900933 3081.732944
1096 2.324542 3084.057486
1097 2.584900 3086.642386
1098 2.515956 3089.158342
1099 4.175587 3093.333929
1100 3.547620 3096.881549
1101 4.376500 3101.258049
1102 4.323324 3105.581373
1103 3.602047 3109.183420
1104 3.524343 3112.707763
1105 4.845008 3117.552771
1106 3.289835 3120.842606
1107 2.275875 3123.118481
1108 2.789953 3125.908434
1109 2.592815 3128.501249
1110 5.799177 3134.300426
1111 2.963906 3137.264332
1112 3.397848 3140.662180
1113 2.591583 3143.253763
1114 2.335805 3145.589568
1115 2.313421 3147.902989
1116 4.340880 3152.243869
1117 3.727051 3155.970920
1118 2.591906 3158.562826
1119 3.631744 3162.194570
1120 3.169390 3165.363960
1121 2.672088 3168.036048
1122 2.867782 3170.903830
1123 2.695537 3173.599367
1124 3.331884 3176.931251
1125 3.404343 3180.335594
1126 3.843252 3184.178846
1127 3.169945 3187.348791
1128 3.183539 3190.532330
1129 2.371845 3192.904175
1130 2.793114 3195.697289
1131 2.904472 3198.601761
1132 2.200517 3200.802278
1133 2.879650 3203.681928
1134 3.624748 3207.306676
1135 2.277391 3209.584067
1136 3.400034 3212.984101
1137 3.416983 3216.401084
1138 2.119014 3218.520098
1139 3.770331 3222.290429
1140 2.724971 3225.015400
1141 4.412557 3229.427957
1142 2.831007 3232.258964
1143 2.283313 3234.542277
1144 2.544823 3237.087100
1145 2.424249 3239.511349
1146 2.318145 3241.829494
1147 5.433553 3247.263047
1148 3.949541 3251.212588
1149 3.398114 3254.610702
1150 4.505857 3259.116559
1151 2.124829 3261.241388
1152 3.471168 3264.712556
1153 3.140017 3267.852573
1154 2.469516 3270.322089
1155 2.358510 3272.680599
1156 3.261900 3275.942499
1157 2.263223 3278.205722
1158 2.120313 3280.326035
1159 3.395204 3283.721239
1160 4.038704 3287.759943
1161 3.614736 3291.374679
1162 2.404196 3293.778875
1163 2.150600 3295.929475
1164 2.122134 3298.051609
1165 4.228305 3302.279914
1166 2.887711 3305.167625
1167 4.398546 3309.566171
1168 3.012053 3312.578224
1169 2.935808 3315.514032
1170 2.439017 3317.953049
1171 2.124596 3320.077645
1172 2.132800 3322.210445
1173 3.325934 3325.536379
1174 2.538256 3328.074635
1175 6.481427 3334.556062
1176 6.817844 3341.373906
1177 3.422750 3344.796656
1178 6.182338 3350.978994
1179 2.251114 3353.230108
1180 2.433391 3355.663499
1181 2.731189 3358.394688
1182 9.466361 3367.861049
1183 2.722601 3370.583650
1184 2.538765 3373.122415
1185 2.203307 3375.325722
1186 2.277561 3377.603283
1187 2.578532 3380.181815
1188 3.371944 3383.553759
1189 3.017775 3386.571534
1190 2.290712 3388.862246
1191 2.786037 3391.648283
1192 6.430592 3398.078875
1193 4.053551 3402.132426
1194 2.200616 3404.333042
1195 2.181382 3406.514424
1196 5.211362 3411.725786
1197 5.267989 3416.993775
1198 3.409862 3420.403637
1199 3.135245 3423.538882
1200 2.729089 3426.267971
1201 3.347300 3429.615271
1202 3.007971 3432.623242
1203 2.407230 3435.030472
1204 2.295489 3437.325961
1205 2.433332 3439.759293
1206 2.498624 3442.257917
1207 5.398927 3447.656844
1208 4.008736 3451.665580
1209 3.528011 3455.193591
1210 3.059621 3458.253212
1211 3.719953 3461.973165
1212 2.461298 3464.434463
1213 3.813079 3468.247542
1214 2.475252 3470.722794
1215 4.970528 3475.693322
1216 5.866449 3481.559771
1217 2.428652 3483.988423
1218 3.410294 3487.398717
1219 3.379266 3490.777983
1220 2.526850 3493.304833
1221 5.749929 3499.054762
1222 2.308568 3501.363330
1223 3.135142 3504.498472
1224 2.369879 3506.868351
1225 4.454069 3511.322420
1226 7.634162 3518.956582
1227 3.788225 3522.744807
1228 4.906231 3527.651038
1229 2.913440 3530.564478
1230 2.449406 3533.013884
1231 2.799683 3535.813567
1232 4.020915 3539.834482
1233 2.298619 3542.133101
1234 5.983934 3548.117035
1235 2.560593 3550.677628
1236 3.219540 3553.897168
1237 3.351457 3557.248625
1238 5.044950 3562.293575
1239 2.829439 3565.123014
1240 4.804953 3569.927967
1241 3.416758 3573.344725
1242 2.640964 3575.985689
1243 2.150585 3578.136274
1244 3.032055 3581.168329
1245 2.588480 3583.756809
1246 3.223404 3586.980213
1247 2.150315 3589.130528
1248 2.455241 3591.585769
1249 2.434864 3594.020633
1250 3.347988 3597.368621
