# instance assign_to_BCube_n8_k2_bw10_cpu16.pn
# Settings: Namespace(PN='../../../instances/fattree-bcube/BCube_n8_k2_bw10_cpu16.pn', VDC_LIST='../../../instances/fattree-bcube/instance_list_9vm_rnd.txt', affinity=False, affinity_soft=True, allow_virtual_switches_in_switches=True, anti_affinity=False, assert_all_physical_edges=False, binary_search=True, bitblast_addition=False, bitblast_addition_shadow=False, configured=True, conflict_limit=-1, deallocate_prob=0.0, debug=False, decide_opt_lits=True, directed_links=True, flush_pb_theory=False, force_virtual_switches=False, ignore_ram_constraints=True, ignore_storage_constraints=True, ijcai_settings=False, intrinsic_edge_constraints=False, intrinsic_edge_sets=True, logfile=None, max_cores=1, max_ram=1, max_storage=1, max_vms=9, min_cores=False, min_servers=False, opt_conflict_limit=0, opt_detect_sat=False, opt_time_limit=-1, output=None, popcount='BV', prop_assumps=True, refine_flow=True, remove_all_flow_cycles=False, remove_flow_cycles=False, remove_flow_cycles_python=False, rnd_restart=True, rnd_theory_freq=0.99, rnd_theory_order=False, separate_reach_constraints=False, static_flow_caps=True, theory_order_vsids=True, timelog='timelogs/config_results_vdcmapper_bcube8_9vm', tree_addition=True, use_cover_for_refinement=True, use_min_cost_max_flow=False, vsids_balance=1, vsids_both=True)
init 10.016859 10.016859
1 11.103943 21.120802
2 1.288888 22.409690
3 1.310906 23.720596
4 1.172995 24.893591
5 1.369345 26.262936
6 1.178497 27.441433
7 1.275876 28.717309
8 1.907862 30.625171
9 1.466376 32.091547
10 1.657047 33.748594
11 1.586861 35.335455
12 1.807255 37.142710
13 1.558123 38.700833
14 1.846089 40.546922
15 1.883674 42.430596
16 3.330646 45.761242
17 2.301033 48.062275
18 1.522964 49.585239
19 1.859684 51.444923
20 2.158463 53.603386
21 2.953249 56.556635
22 2.511903 59.068538
23 4.482805 63.551343
24 6.132649 69.683992
25 5.710993 75.394985
26 4.984052 80.379037
27 4.616268 84.995305
28 4.639432 89.634737
29 31.254231 120.888968
30 4.315467 125.204435
31 64.467711 189.672146
32 61.102778 250.774924
33 29.982205 280.757129
34 7.419625 288.176754
35 3.131117 291.307871
36 6.780681 298.088552
37 13.016098 311.104650
38 15.347385 326.452035
39 25.317898 351.769933
40 3.184902 354.954835
41 23.887139 378.841974
42 8.570985 387.412959
43 75.544421 462.957380
44 16.367071 479.324451
45 8.028898 487.353349
46 25.126012 512.479361
47 6.822168 519.301529
48 7.181220 526.482749
49 13.069142 539.551891
50 7.703661 547.255552
51 45.777313 593.032865
52 19.940011 612.972876
53 68.952578 681.925454
54 29.545265 711.470719
55 36.703610 748.174329
56 6.146432 754.320761
57 22.207824 776.528585
58 47.062965 823.591550
59 53.943569 877.535119
60 22.567199 900.102318
61 6.868788 906.971106
62 46.517834 953.488940
63 3.069367 956.558307
64 4.283899 960.842206
65 4.914165 965.756371
66 6.873606 972.629977
67 29.480044 1002.110021
68 21.413743 1023.523764
69 55.247944 1078.771708
70 17.688371 1096.460079
71 36.017230 1132.477309
72 4.332873 1136.810182
73 8.101807 1144.911989
74 20.072082 1164.984071
75 4.091424 1169.075495
76 5.508849 1174.584344
77 3.646752 1178.231096
78 4.411976 1182.643072
79 18.389673 1201.032745
80 6.546421 1207.579166
81 13.650621 1221.229787
82 17.849028 1239.078815
83 12.018373 1251.097188
84 3.829669 1254.926857
85 7.185176 1262.112033
86 7.404144 1269.516177
87 73.486945 1343.003122
88 3.805232 1346.808354
89 4.673002 1351.481356
90 25.045255 1376.526611
91 39.821615 1416.348226
92 4.719239 1421.067465
93 3.556375 1424.623840
94 14.213249 1438.837089
95 21.641298 1460.478387
96 29.201045 1489.679432
97 7.801542 1497.480974
98 39.473410 1536.954384
99 4.225127 1541.179511
100 14.783658 1555.963169
101 14.667307 1570.630476
102 11.173093 1581.803569
103 13.991707 1595.795276
104 9.147872 1604.943148
105 32.649969 1637.593117
106 7.228147 1644.821264
107 16.531421 1661.352685
108 10.911081 1672.263766
109 6.781808 1679.045574
110 14.111613 1693.157187
111 26.107362 1719.264549
112 3.757545 1723.022094
113 10.087429 1733.109523
114 44.721696 1777.831219
115 7.525743 1785.356962
116 12.395228 1797.752190
117 24.856934 1822.609124
118 16.836024 1839.445148
119 4.870989 1844.316137
120 36.888340 1881.204477
121 6.309881 1887.514358
122 4.387232 1891.901590
123 9.042814 1900.944404
124 4.349926 1905.294330
125 21.327476 1926.621806
126 3.938655 1930.560461
127 5.075025 1935.635486
128 5.465420 1941.100906
129 5.439365 1946.540271
130 9.081817 1955.622088
131 3.709772 1959.331860
132 4.464584 1963.796444
133 10.923686 1974.720130
134 17.633528 1992.353658
135 6.014782 1998.368440
136 5.312520 2003.680960
137 16.749427 2020.430387
138 13.153729 2033.584116
139 9.848240 2043.432356
140 5.011581 2048.443937
141 3.816177 2052.260114
142 5.195777 2057.455891
143 3.958050 2061.413941
144 19.286818 2080.700759
145 22.552592 2103.253351
146 4.415891 2107.669242
147 4.893016 2112.562258
148 4.960967 2117.523225
149 11.141167 2128.664392
150 6.626334 2135.290726
151 5.337084 2140.627810
152 5.114242 2145.742052
153 10.405645 2156.147697
154 8.996213 2165.143910
155 18.432925 2183.576835
156 12.994287 2196.571122
157 4.334238 2200.905360
158 23.902709 2224.808069
159 4.546677 2229.354746
160 5.258209 2234.612955
161 6.355911 2240.968866
162 15.342277 2256.311143
163 3.536510 2259.847653
164 2.602291 2262.449944
165 2.496267 2264.946211
166 4.947450 2269.893661
167 12.011723 2281.905384
168 8.129114 2290.034498
169 4.263837 2294.298335
170 6.005638 2300.303973
171 4.370436 2304.674409
172 4.274741 2308.949150
173 5.640484 2314.589634
174 5.773113 2320.362747
175 17.122251 2337.484998
176 7.787167 2345.272165
177 20.376244 2365.648409
178 6.804432 2372.452841
179 4.836515 2377.289356
180 8.739666 2386.029022
181 3.172384 2389.201406
182 13.575338 2402.776744
183 5.794441 2408.571185
184 10.211476 2418.782661
185 24.057956 2442.840617
186 6.148416 2448.989033
187 13.786011 2462.775044
188 13.420980 2476.196024
189 4.028388 2480.224412
190 5.606706 2485.831118
191 11.133423 2496.964541
192 3.584385 2500.548926
193 5.661183 2506.210109
194 5.944199 2512.154308
195 3.338854 2515.493162
196 3.989142 2519.482304
197 9.523417 2529.005721
198 13.699033 2542.704754
199 7.817171 2550.521925
200 3.620789 2554.142714
201 5.534611 2559.677325
202 5.987309 2565.664634
203 8.807898 2574.472532
204 5.755025 2580.227557
205 6.985022 2587.212579
206 9.041704 2596.254283
207 2.968373 2599.222656
208 4.417831 2603.640487
209 4.371156 2608.011643
210 5.644911 2613.656554
211 3.389299 2617.045853
212 9.768409 2626.814262
213 6.325013 2633.139275
214 9.663003 2642.802278
215 3.101774 2645.904052
216 9.204411 2655.108463
217 2.692598 2657.801061
218 6.413052 2664.214113
219 4.499441 2668.713554
220 2.790425 2671.503979
221 8.649021 2680.153000
222 3.279298 2683.432298
223 10.029864 2693.462162
224 8.321756 2701.783918
225 11.422309 2713.206227
226 4.024119 2717.230346
227 3.957650 2721.187996
228 2.824746 2724.012742
229 2.790242 2726.802984
230 3.734752 2730.537736
231 7.863452 2738.401188
232 3.746558 2742.147746
233 4.897721 2747.045467
234 3.806081 2750.851548
235 10.252536 2761.104084
236 6.482127 2767.586211
237 7.152755 2774.738966
238 4.097657 2778.836623
239 4.748822 2783.585445
240 3.022607 2786.608052
241 5.393808 2792.001860
242 5.141648 2797.143508
243 5.505379 2802.648887
244 2.489750 2805.138637
245 9.677206 2814.815843
246 2.164970 2816.980813
247 4.904239 2821.885052
248 2.425373 2824.310425
249 5.314090 2829.624515
250 5.772569 2835.397084
251 3.088950 2838.486034
252 3.288167 2841.774201
253 2.125952 2843.900153
254 4.452227 2848.352380
255 2.717378 2851.069758
256 1.628554 2852.698312
257 2.348324 2855.046636
258 2.029239 2857.075875
259 13.501858 2870.577733
260 3.021249 2873.598982
261 1.964828 2875.563810
262 2.151337 2877.715147
263 2.486152 2880.201299
264 3.498820 2883.700119
265 2.192802 2885.892921
266 3.064929 2888.957850
267 5.786279 2894.744129
268 5.601303 2900.345432
269 2.427883 2902.773315
270 3.193637 2905.966952
271 2.413812 2908.380764
272 2.405416 2910.786180
273 2.995750 2913.781930
274 3.548997 2917.330927
275 2.391876 2919.722803
276 2.366620 2922.089423
277 1.757770 2923.847193
278 1.984612 2925.831805
279 7.074365 2932.906170
280 1.782025 2934.688195
281 2.496668 2937.184863
282 2.150174 2939.335037
283 1.797216 2941.132253
284 2.539671 2943.671924
285 2.363753 2946.035677
286 3.941016 2949.976693
287 1.697492 2951.674185
288 2.350307 2954.024492
289 1.944517 2955.969009
290 3.389539 2959.358548
291 2.282168 2961.640716
292 4.334433 2965.975149
293 2.002369 2967.977518
294 2.453910 2970.431428
295 2.355671 2972.787099
296 3.626202 2976.413301
297 2.170377 2978.583678
298 1.874517 2980.458195
299 2.576099 2983.034294
300 3.568568 2986.602862
301 1.964506 2988.567368
302 3.304011 2991.871379
303 1.814185 2993.685564
304 2.096851 2995.782415
305 1.787422 2997.569837
306 2.389839 2999.959676
307 3.850840 3003.810516
308 6.086154 3009.896670
309 1.675588 3011.572258
310 4.883060 3016.455318
311 5.666378 3022.121696
312 1.655466 3023.777162
313 5.796276 3029.573438
314 1.986336 3031.559774
315 2.126175 3033.685949
316 1.848656 3035.534605
317 3.921220 3039.455825
318 4.741635 3044.197460
319 2.339749 3046.537209
320 4.432616 3050.969825
321 2.251396 3053.221221
322 3.113934 3056.335155
323 2.097767 3058.432922
324 2.369336 3060.802258
325 1.481607 3062.283865
326 3.216268 3065.500133
327 3.479808 3068.979941
328 2.802862 3071.782803
329 4.146001 3075.928804
330 2.946707 3078.875511
331 1.583265 3080.458776
332 1.901142 3082.359918
333 2.020294 3084.380212
334 2.333457 3086.713669
335 1.802162 3088.515831
336 9.082840 3097.598671
337 2.132544 3099.731215
338 3.030861 3102.762076
339 1.540955 3104.303031
340 1.393893 3105.696924
341 4.874167 3110.571091
342 5.349235 3115.920326
343 2.024515 3117.944841
344 1.487876 3119.432717
345 2.499873 3121.932590
346 4.356832 3126.289422
347 1.679875 3127.969297
348 2.631890 3130.601187
349 3.632763 3134.233950
350 3.036245 3137.270195
351 1.484045 3138.754240
352 12.136352 3150.890592
353 4.558686 3155.449278
354 1.677892 3157.127170
355 3.033341 3160.160511
356 4.238391 3164.398902
357 3.928964 3168.327866
358 2.629021 3170.956887
359 1.769387 3172.726274
360 2.403506 3175.129780
361 1.344816 3176.474596
362 2.364953 3178.839549
363 2.038928 3180.878477
364 1.628335 3182.506812
365 2.092992 3184.599804
366 4.104950 3188.704754
367 2.673164 3191.377918
368 3.352193 3194.730111
369 2.524611 3197.254722
370 2.018150 3199.272872
371 3.114088 3202.386960
372 1.640006 3204.026966
373 1.666536 3205.693502
374 2.048451 3207.741953
375 1.532323 3209.274276
376 1.817302 3211.091578
377 2.439288 3213.530866
378 1.515126 3215.045992
379 2.291182 3217.337174
380 2.824360 3220.161534
381 2.345309 3222.506843
382 7.524773 3230.031616
383 8.533292 3238.564908
384 5.595281 3244.160189
385 2.009035 3246.169224
386 3.095472 3249.264696
387 4.423553 3253.688249
388 1.790772 3255.479021
389 3.351844 3258.830865
390 2.044415 3260.875280
391 2.512496 3263.387776
392 2.675112 3266.062888
393 4.132819 3270.195707
394 1.812060 3272.007767
395 1.541320 3273.549087
396 3.488918 3277.038005
397 1.686979 3278.724984
398 5.144775 3283.869759
399 1.565593 3285.435352
400 3.569449 3289.004801
401 1.402647 3290.407448
402 1.603421 3292.010869
403 2.277678 3294.288547
404 2.385194 3296.673741
405 11.164637 3307.838378
406 4.689276 3312.527654
407 1.584617 3314.112271
408 1.367178 3315.479449
409 2.142444 3317.621893
410 1.527388 3319.149281
411 4.388881 3323.538162
412 4.694577 3328.232739
413 1.353812 3329.586551
414 1.783760 3331.370311
415 2.519282 3333.889593
416 2.927326 3336.816919
417 1.755515 3338.572434
418 1.899333 3340.471767
419 4.255599 3344.727366
420 1.967630 3346.694996
421 6.558798 3353.253794
422 5.213014 3358.466808
423 2.847328 3361.314136
424 3.103204 3364.417340
425 2.643259 3367.060599
426 2.921518 3369.982117
427 1.844993 3371.827110
428 1.705431 3373.532541
429 9.633977 3383.166518
430 1.913726 3385.080244
431 6.362561 3391.442805
432 2.161685 3393.604490
433 2.289579 3395.894069
434 1.645819 3397.539888
435 2.549033 3400.088921
436 2.997091 3403.086012
437 2.869481 3405.955493
438 1.549640 3407.505133
439 2.390613 3409.895746
440 4.059519 3413.955265
441 1.617139 3415.572404
442 2.819377 3418.391781
443 3.740934 3422.132715
444 1.804842 3423.937557
445 2.627652 3426.565209
446 3.117740 3429.682949
447 3.487495 3433.170444
448 2.456941 3435.627385
449 4.595583 3440.222968
450 4.159950 3444.382918
451 2.326361 3446.709279
452 2.695818 3449.405097
453 2.327899 3451.732996
454 11.433090 3463.166086
455 2.083630 3465.249716
456 3.667883 3468.917599
457 1.611020 3470.528619
458 1.694314 3472.222933
459 4.023728 3476.246661
460 1.458346 3477.705007
461 3.340164 3481.045171
462 3.020592 3484.065763
463 2.901040 3486.966803
464 1.650758 3488.617561
465 2.471800 3491.089361
466 1.536880 3492.626241
467 1.455058 3494.081299
468 2.025335 3496.106634
469 4.491924 3500.598558
470 1.834909 3502.433467
471 3.097253 3505.530720
472 1.553594 3507.084314
473 1.999019 3509.083333
474 1.711703 3510.795036
475 3.392860 3514.187896
476 1.983482 3516.171378
477 1.856290 3518.027668
478 4.149126 3522.176794
479 1.978346 3524.155140
480 5.005290 3529.160430
481 2.736777 3531.897207
482 1.403460 3533.300667
483 1.524952 3534.825619
484 2.878646 3537.704265
485 3.460966 3541.165231
486 2.440762 3543.605993
487 2.246246 3545.852239
488 5.284760 3551.136999
489 1.607380 3552.744379
490 3.518125 3556.262504
491 1.453115 3557.715619
492 4.724844 3562.440463
493 1.611512 3564.051975
494 4.608026 3568.660001
495 1.896493 3570.556494
496 3.265343 3573.821837
497 1.514653 3575.336490
498 2.367859 3577.704349
499 1.588177 3579.292526
500 1.649036 3580.941562
501 1.494744 3582.436306
502 5.588242 3588.024548
503 2.471075 3590.495623
504 2.334938 3592.830561
505 1.834319 3594.664880
506 1.769960 3596.434840
