# instance assign_to_Fattree_n16_k2_bw10_cpu16.pn
# Settings: Namespace(PN='../../../instances/fattree-bcube/Fattree_n16_k2_bw10_cpu16.pn', VDC_LIST='../../../instances/fattree-bcube/instance_list_15vm_rnd.txt', affinity=False, affinity_soft=True, allow_virtual_switches_in_switches=True, anti_affinity=False, assert_all_physical_edges=False, binary_search=True, bitblast_addition=False, bitblast_addition_shadow=False, configured=True, conflict_limit=-1, deallocate_prob=0.0, debug=False, decide_opt_lits=True, directed_links=True, flush_pb_theory=False, force_virtual_switches=False, ignore_ram_constraints=True, ignore_storage_constraints=True, ijcai_settings=False, intrinsic_edge_constraints=False, intrinsic_edge_sets=True, logfile=None, max_cores=1, max_ram=1, max_storage=1, max_vms=15, min_cores=False, min_servers=False, opt_conflict_limit=0, opt_detect_sat=False, opt_time_limit=-1, output=None, popcount='BV', prop_assumps=True, refine_flow=True, remove_all_flow_cycles=False, remove_flow_cycles=False, remove_flow_cycles_python=False, rnd_restart=True, rnd_theory_freq=0.99, rnd_theory_order=False, separate_reach_constraints=False, static_flow_caps=True, theory_order_vsids=True, timelog='timelogs/config_results_vdcmapper_fattree16_15vm', tree_addition=True, use_cover_for_refinement=True, use_min_cost_max_flow=False, vsids_balance=1, vsids_both=True)
init 28.241622 28.241622
1 48.457990 76.699612
2 4.610129 81.309741
3 4.547097 85.856838
4 8.537098 94.393936
5 9.437918 103.831854
6 6.235553 110.067407
7 11.825694 121.893101
8 9.330855 131.223956
9 13.962572 145.186528
10 25.148336 170.334864
11 11.915302 182.250166
12 58.279319 240.529485
13 156.480472 397.009957
14 171.315332 568.325289
15 12.363789 580.689078
16 16.375341 597.064419
17 28.484078 625.548497
18 108.710227 734.258724
19 19.418520 753.677244
20 81.826118 835.503362
21 34.490881 869.994243
22 48.241263 918.235506
23 32.541126 950.776632
24 19.603135 970.379767
25 27.263027 997.642794
26 32.834013 1030.476807
27 48.183459 1078.660266
28 89.697460 1168.357726
29 73.853691 1242.211417
30 112.141885 1354.353302
31 82.201768 1436.555070
32 39.334532 1475.889602
33 27.486667 1503.376269
34 40.734012 1544.110281
35 14.007222 1558.117503
36 74.198817 1632.316320
37 110.406828 1742.723148
38 13.221410 1755.944558
39 24.218672 1780.163230
40 12.605547 1792.768777
41 18.768475 1811.537252
42 56.664446 1868.201698
43 27.929888 1896.131586
44 36.353304 1932.484890
45 11.164738 1943.649628
46 34.304394 1977.954022
47 32.856040 2010.810062
48 30.424443 2041.234505
49 8.841601 2050.076106
50 17.301530 2067.377636
51 59.376159 2126.753795
52 40.127618 2166.881413
53 55.449777 2222.331190
54 88.878531 2311.209721
55 25.881748 2337.091469
56 31.647599 2368.739068
57 45.882213 2414.621281
58 31.697211 2446.318492
59 37.060002 2483.378494
60 33.923244 2517.301738
61 75.726059 2593.027797
62 21.793829 2614.821626
63 10.051192 2624.872818
64 23.883440 2648.756258
65 68.984751 2717.741009
66 19.669001 2737.410010
67 23.494060 2760.904070
68 110.958574 2871.862644
69 23.626688 2895.489332
70 15.485642 2910.974974
71 28.919251 2939.894225
72 86.470396 3026.364621
73 55.454290 3081.818911
74 81.542236 3163.361147
75 20.591852 3183.952999
76 27.328385 3211.281384
77 76.805210 3288.086594
78 163.656799 3451.743393
79 44.931055 3496.674448
80 87.324835 3583.999283
