# instance assign_to_Fattree_n12_k2_bw10_cpu16.pn
# Settings: Namespace(PN='../../../instances/fattree-bcube/Fattree_n12_k2_bw10_cpu16.pn', VDC_LIST='../../../instances/fattree-bcube/instance_list_9vm_rnd.txt', affinity=False, affinity_soft=True, allow_virtual_switches_in_switches=True, anti_affinity=False, assert_all_physical_edges=False, binary_search=True, bitblast_addition=False, bitblast_addition_shadow=False, configured=True, conflict_limit=-1, deallocate_prob=0.0, debug=False, decide_opt_lits=True, directed_links=True, flush_pb_theory=False, force_virtual_switches=False, ignore_ram_constraints=True, ignore_storage_constraints=True, ijcai_settings=False, intrinsic_edge_constraints=False, intrinsic_edge_sets=True, logfile=None, max_cores=1, max_ram=1, max_storage=1, max_vms=9, min_cores=False, min_servers=False, opt_conflict_limit=0, opt_detect_sat=False, opt_time_limit=-1, output=None, popcount='BV', prop_assumps=True, refine_flow=True, remove_all_flow_cycles=False, remove_flow_cycles=False, remove_flow_cycles_python=False, rnd_restart=True, rnd_theory_freq=0.99, rnd_theory_order=False, separate_reach_constraints=False, static_flow_caps=True, theory_order_vsids=True, timelog='timelogs/config_results_vdcmapper_fattree12_9vm', tree_addition=True, use_cover_for_refinement=True, use_min_cost_max_flow=False, vsids_balance=1, vsids_both=True)
init 7.921475 7.921475
1 8.887678 16.809153
2 1.015600 17.824753
3 1.022308 18.847061
4 0.902661 19.749722
5 1.026056 20.775778
6 0.936077 21.711855
7 1.125010 22.836865
8 1.028403 23.865268
9 1.028291 24.893559
10 0.987137 25.880696
11 1.057317 26.938013
12 0.906878 27.844891
13 1.041251 28.886142
14 1.160695 30.046837
15 1.102738 31.149575
16 1.928890 33.078465
17 1.145135 34.223600
18 1.119913 35.343513
19 1.338313 36.681826
20 1.141861 37.823687
21 1.143271 38.966958
22 1.095051 40.062009
23 1.628741 41.690750
24 1.191507 42.882257
25 2.099506 44.981763
26 1.485915 46.467678
27 1.331178 47.798856
28 1.676646 49.475502
29 1.553713 51.029215
30 1.119646 52.148861
31 2.546375 54.695236
32 1.636028 56.331264
33 1.447992 57.779256
34 1.108966 58.888222
35 1.119719 60.007941
36 1.254902 61.262843
37 1.127115 62.389958
38 1.364417 63.754375
39 1.314374 65.068749
40 1.361337 66.430086
41 1.480180 67.910266
42 1.701083 69.611349
43 2.232452 71.843801
44 1.452374 73.296175
45 1.302939 74.599114
46 1.318828 75.917942
47 1.762348 77.680290
48 1.836663 79.516953
49 1.218303 80.735256
50 2.173651 82.908907
51 2.052282 84.961189
52 1.319850 86.281039
53 2.526121 88.807160
54 2.015288 90.822448
55 1.991208 92.813656
56 1.781309 94.594965
57 1.866592 96.461557
58 2.257429 98.718986
59 2.282421 101.001407
60 1.606891 102.608298
61 1.729584 104.337882
62 1.735723 106.073605
63 1.756941 107.830546
64 1.614785 109.445331
65 1.884182 111.329513
66 2.011571 113.341084
67 2.346450 115.687534
68 1.758232 117.445766
69 2.104917 119.550683
70 2.273701 121.824384
71 2.118166 123.942550
72 1.714369 125.656919
73 1.990960 127.647879
74 1.969456 129.617335
75 2.267090 131.884425
76 1.729078 133.613503
77 1.371507 134.985010
78 1.655030 136.640040
79 1.709193 138.349233
80 2.401817 140.751050
81 1.746780 142.497830
82 3.088484 145.586314
83 2.829236 148.415550
84 1.998505 150.414055
85 2.682062 153.096117
86 2.329919 155.426036
87 10.833494 166.259530
88 3.007172 169.266702
89 3.401407 172.668109
90 2.656815 175.324924
91 2.726823 178.051747
92 1.508900 179.560647
93 3.225769 182.786416
94 1.808278 184.594694
95 1.827019 186.421713
96 4.392695 190.814408
97 1.591145 192.405553
98 3.504266 195.909819
99 2.171074 198.080893
100 1.891085 199.971978
101 2.457592 202.429570
102 1.606802 204.036372
103 3.203416 207.239788
104 2.023809 209.263597
105 3.661974 212.925571
106 2.144432 215.070003
107 1.600938 216.670941
108 1.372078 218.043019
109 1.705902 219.748921
110 1.909534 221.658455
111 1.964477 223.622932
112 2.232620 225.855552
113 2.810589 228.666141
114 6.200112 234.866253
115 1.440576 236.306829
116 2.788476 239.095305
117 2.581082 241.676387
118 2.370167 244.046554
119 1.779761 245.826315
120 3.164265 248.990580
121 2.755329 251.745909
122 2.220369 253.966278
123 2.070177 256.036455
124 1.640234 257.676689
125 2.269525 259.946214
126 1.508542 261.454756
127 2.691661 264.146417
128 2.068315 266.214732
129 2.399237 268.613969
130 2.739609 271.353578
131 1.598818 272.952396
132 1.887072 274.839468
133 2.392723 277.232191
134 4.166677 281.398868
135 1.765287 283.164155
136 2.515712 285.679867
137 1.524695 287.204562
138 2.464485 289.669047
139 1.944555 291.613602
140 2.399703 294.013305
141 1.676164 295.689469
142 4.888412 300.577881
143 2.041178 302.619059
144 2.054187 304.673246
145 2.736700 307.409946
146 1.762552 309.172498
147 2.321172 311.493670
148 1.470818 312.964488
149 1.382277 314.346765
150 1.909643 316.256408
151 1.524739 317.781147
152 4.067062 321.848209
153 2.318475 324.166684
154 3.032046 327.198730
155 3.089450 330.288180
156 1.418938 331.707118
157 1.929649 333.636767
158 1.414075 335.050842
159 2.933211 337.984053
160 3.921306 341.905359
161 1.821938 343.727297
162 2.763836 346.491133
163 1.429386 347.920519
164 1.553015 349.473534
165 2.612675 352.086209
166 1.811740 353.897949
167 2.206172 356.104121
168 1.934574 358.038695
169 1.532431 359.571126
170 1.366562 360.937688
171 1.779237 362.716925
172 1.929483 364.646408
173 2.079984 366.726392
174 1.791639 368.518031
175 2.468100 370.986131
176 2.517971 373.504102
177 5.544737 379.048839
178 1.652897 380.701736
179 2.338644 383.040380
180 1.885314 384.925694
181 2.011122 386.936816
182 2.176399 389.113215
183 1.502470 390.615685
184 3.035337 393.651022
185 11.452158 405.103180
186 2.665917 407.769097
187 2.988473 410.757570
188 5.678938 416.436508
189 2.364105 418.800613
190 2.627378 421.427991
191 5.495072 426.923063
192 2.539496 429.462559
193 2.040956 431.503515
194 1.464814 432.968329
195 5.215747 438.184076
196 2.690026 440.874102
197 3.101890 443.975992
198 5.652858 449.628850
199 1.939983 451.568833
200 2.383335 453.952168
201 2.000238 455.952406
202 1.638775 457.591181
203 1.575887 459.167068
204 1.431965 460.599033
205 1.867797 462.466830
206 2.893977 465.360807
207 1.712519 467.073326
208 1.869008 468.942334
209 2.087158 471.029492
210 3.482688 474.512180
211 2.101614 476.613794
212 1.835630 478.449424
213 4.675279 483.124703
214 2.879293 486.003996
215 2.120038 488.124034
216 4.093367 492.217401
217 2.100121 494.317522
218 2.460846 496.778368
219 2.951354 499.729722
220 1.698614 501.428336
221 5.221420 506.649756
222 1.408973 508.058729
223 1.689872 509.748601
224 1.423857 511.172458
225 8.152108 519.324566
226 1.654611 520.979177
227 2.239603 523.218780
228 2.610178 525.828958
229 3.700359 529.529317
230 2.385331 531.914648
231 3.735789 535.650437
232 2.508964 538.159401
233 2.300142 540.459543
234 2.177363 542.636906
235 3.841770 546.478676
236 2.788309 549.266985
237 1.685680 550.952665
238 1.735920 552.688585
239 2.980298 555.668883
240 2.522591 558.191474
241 4.336526 562.528000
242 3.895234 566.423234
243 4.201772 570.625006
244 3.195706 573.820712
245 5.935179 579.755891
246 1.470095 581.225986
247 2.433860 583.659846
248 2.052662 585.712508
249 2.004196 587.716704
250 3.697363 591.414067
251 2.079189 593.493256
252 2.673723 596.166979
253 1.640932 597.807911
254 2.301130 600.109041
255 3.275069 603.384110
256 2.616978 606.001088
257 2.736170 608.737258
258 1.648095 610.385353
259 2.305396 612.690749
260 5.555044 618.245793
261 1.870736 620.116529
262 4.492416 624.608945
263 1.879358 626.488303
264 4.529715 631.018018
265 2.759127 633.777145
266 1.919817 635.696962
267 1.562354 637.259316
268 3.403550 640.662866
269 2.674475 643.337341
270 1.833149 645.170490
271 1.856755 647.027245
272 5.989507 653.016752
273 4.410114 657.426866
274 5.539095 662.965961
275 5.298908 668.264869
276 2.572103 670.836972
277 1.291065 672.128037
278 1.756532 673.884569
279 7.909751 681.794320
280 2.773388 684.567708
281 2.517072 687.084780
282 1.795892 688.880672
283 1.351194 690.231866
284 1.417213 691.649079
285 1.790999 693.440078
286 3.213394 696.653472
287 1.611336 698.264808
288 3.622867 701.887675
289 2.910500 704.798175
290 1.601574 706.399749
291 5.835350 712.235099
292 2.503410 714.738509
293 3.663687 718.402196
294 4.563150 722.965346
295 2.059756 725.025102
296 1.874867 726.899969
297 2.677116 729.577085
298 2.307438 731.884523
299 2.850630 734.735153
300 2.386030 737.121183
301 1.343416 738.464599
302 1.760734 740.225333
303 2.443807 742.669140
304 1.936287 744.605427
305 2.315075 746.920502
306 2.030737 748.951239
307 1.758400 750.709639
308 2.005782 752.715421
309 2.844333 755.559754
310 2.079932 757.639686
311 1.390667 759.030353
312 1.754491 760.784844
313 3.032151 763.816995
314 4.539284 768.356279
315 1.757569 770.113848
316 2.389970 772.503818
317 2.173354 774.677172
318 3.269570 777.946742
319 3.400066 781.346808
320 2.129525 783.476333
321 3.219612 786.695945
322 1.756316 788.452261
323 6.019551 794.471812
324 2.288923 796.760735
325 1.710342 798.471077
326 1.312889 799.783966
327 2.346236 802.130202
328 1.559737 803.689939
329 5.884836 809.574775
330 2.239182 811.813957
331 1.916080 813.730037
332 1.460181 815.190218
333 2.234423 817.424641
334 1.705513 819.130154
335 2.178677 821.308831
336 2.420073 823.728904
337 6.698080 830.426984
338 2.101483 832.528467
339 1.884373 834.412840
340 1.743023 836.155863
341 2.298438 838.454301
342 1.467888 839.922189
343 1.636343 841.558532
344 2.018592 843.577124
345 3.683673 847.260797
346 2.229202 849.489999
347 1.766367 851.256366
348 3.823698 855.080064
349 3.141068 858.221132
350 3.877890 862.099022
351 1.462732 863.561754
352 3.246595 866.808349
353 1.632414 868.440763
354 1.822348 870.263111
355 3.315289 873.578400
356 2.015073 875.593473
357 1.739160 877.332633
358 2.420527 879.753160
359 4.359791 884.112951
360 1.971048 886.083999
361 2.975492 889.059491
362 3.520465 892.579956
363 1.675236 894.255192
364 1.831586 896.086778
365 2.443860 898.530638
366 3.360253 901.890891
367 1.837826 903.728717
368 1.943580 905.672297
369 3.210242 908.882539
370 2.726513 911.609052
371 3.507571 915.116623
372 2.125030 917.241653
373 1.863192 919.104845
374 1.752214 920.857059
375 3.224121 924.081180
376 5.049782 929.130962
377 2.091823 931.222785
378 1.384072 932.606857
379 1.468491 934.075348
380 3.147318 937.222666
381 3.051845 940.274511
382 2.808653 943.083164
383 3.172851 946.256015
384 1.382029 947.638044
385 1.503448 949.141492
386 3.290057 952.431549
387 3.693004 956.124553
388 2.337655 958.462208
389 1.965861 960.428069
390 1.671320 962.099389
391 1.753739 963.853128
392 2.068329 965.921457
393 1.812332 967.733789
394 2.354052 970.087841
395 5.308031 975.395872
396 1.895987 977.291859
397 3.210944 980.502803
398 1.865203 982.368006
399 2.566286 984.934292
400 2.919136 987.853428
401 2.171796 990.025224
402 2.160862 992.186086
403 1.300449 993.486535
404 1.512412 994.998947
405 3.236895 998.235842
406 1.500302 999.736144
407 1.288597 1001.024741
408 1.416320 1002.441061
409 1.762684 1004.203745
410 1.395419 1005.599164
411 1.540659 1007.139823
412 2.913605 1010.053428
413 1.612013 1011.665441
414 3.112967 1014.778408
415 3.329975 1018.108383
416 2.534321 1020.642704
417 1.319604 1021.962308
418 1.596857 1023.559165
419 1.470236 1025.029401
420 1.758109 1026.787510
421 1.685593 1028.473103
422 3.670878 1032.143981
423 1.535155 1033.679136
424 5.125761 1038.804897
425 1.763531 1040.568428
426 1.649838 1042.218266
427 1.728765 1043.947031
428 2.812805 1046.759836
429 3.337853 1050.097689
430 2.587950 1052.685639
431 1.951523 1054.637162
432 1.390143 1056.027305
433 1.558232 1057.585537
434 2.605181 1060.190718
435 1.974793 1062.165511
436 4.105990 1066.271501
437 1.744337 1068.015838
438 1.718511 1069.734349
439 1.560276 1071.294625
440 3.389931 1074.684556
441 1.650872 1076.335428
442 2.712875 1079.048303
443 1.478373 1080.526676
444 1.861058 1082.387734
445 1.438505 1083.826239
446 1.404084 1085.230323
447 2.506675 1087.736998
448 2.131035 1089.868033
449 2.119789 1091.987822
450 1.503029 1093.490851
451 1.422466 1094.913317
452 2.073646 1096.986963
453 1.514024 1098.500987
454 2.096053 1100.597040
455 3.209756 1103.806796
456 2.482952 1106.289748
457 1.750710 1108.040458
458 1.986947 1110.027405
459 4.270560 1114.297965
460 1.164830 1115.462795
461 3.491593 1118.954388
462 2.856593 1121.810981
463 1.550834 1123.361815
464 1.700074 1125.061889
465 1.440685 1126.502574
466 1.567445 1128.070019
467 1.499473 1129.569492
468 1.599271 1131.168763
469 1.630901 1132.799664
470 1.616598 1134.416262
471 2.965185 1137.381447
472 3.071615 1140.453062
473 1.616588 1142.069650
474 1.806570 1143.876220
475 1.731258 1145.607478
476 3.713251 1149.320729
477 1.898151 1151.218880
478 3.952400 1155.171280
479 1.519785 1156.691065
480 1.401034 1158.092099
481 1.594868 1159.686967
482 1.391997 1161.078964
483 1.456901 1162.535865
484 1.237616 1163.773481
485 2.473582 1166.247063
486 2.283711 1168.530774
487 2.795964 1171.326738
488 2.423127 1173.749865
489 2.215094 1175.964959
490 3.398329 1179.363288
491 2.192406 1181.555694
492 2.135411 1183.691105
493 1.915401 1185.606506
494 4.515336 1190.121842
495 1.798054 1191.919896
496 2.693284 1194.613180
497 2.683816 1197.296996
498 1.455821 1198.752817
499 1.473387 1200.226204
500 2.765513 1202.991717
501 1.312207 1204.303924
502 1.474391 1205.778315
503 2.127911 1207.906226
504 2.068193 1209.974419
505 1.660221 1211.634640
506 2.399434 1214.034074
507 4.494544 1218.528618
508 2.164460 1220.693078
509 1.358281 1222.051359
510 2.536391 1224.587750
511 1.544246 1226.131996
512 1.773368 1227.905364
513 1.616320 1229.521684
514 1.440581 1230.962265
515 1.607375 1232.569640
516 2.066834 1234.636474
517 1.407360 1236.043834
518 1.477518 1237.521352
519 1.452040 1238.973392
520 1.430280 1240.403672
521 1.761072 1242.164744
522 1.875760 1244.040504
523 1.350628 1245.391132
524 1.554675 1246.945807
525 2.187755 1249.133562
526 2.763334 1251.896896
527 1.679422 1253.576318
528 1.798741 1255.375059
529 1.397861 1256.772920
530 1.553480 1258.326400
531 1.322167 1259.648567
532 2.610718 1262.259285
533 2.596679 1264.855964
534 1.943487 1266.799451
535 2.281121 1269.080572
536 2.137146 1271.217718
537 1.994178 1273.211896
538 1.801412 1275.013308
539 1.515526 1276.528834
540 1.314615 1277.843449
541 1.438417 1279.281866
542 1.602466 1280.884332
543 1.395658 1282.279990
544 2.418855 1284.698845
545 3.771827 1288.470672
546 1.580242 1290.050914
547 1.406544 1291.457458
548 2.222554 1293.680012
549 1.555891 1295.235903
550 1.665763 1296.901666
551 1.402542 1298.304208
552 1.395295 1299.699503
553 1.460620 1301.160123
554 1.548302 1302.708425
555 1.483670 1304.192095
556 2.594955 1306.787050
557 2.586065 1309.373115
558 1.765498 1311.138613
559 1.673688 1312.812301
560 2.190385 1315.002686
561 1.631952 1316.634638
562 1.958398 1318.593036
563 2.544986 1321.138022
564 1.392942 1322.530964
565 1.251027 1323.781991
566 1.483875 1325.265866
567 1.344580 1326.610446
568 1.308854 1327.919300
569 1.458875 1329.378175
570 1.451989 1330.830164
571 1.587098 1332.417262
572 1.548776 1333.966038
573 1.735585 1335.701623
574 1.565874 1337.267497
575 1.549100 1338.816597
576 1.530969 1340.347566
577 1.524462 1341.872028
578 1.267096 1343.139124
579 1.472764 1344.611888
580 1.302431 1345.914319
581 2.314825 1348.229144
582 2.195843 1350.424987
583 1.908880 1352.333867
584 2.679583 1355.013450
585 1.720757 1356.734207
586 2.939288 1359.673495
587 1.551133 1361.224628
588 1.467015 1362.691643
589 3.610743 1366.302386
590 1.343769 1367.646155
591 3.213553 1370.859708
592 2.499575 1373.359283
593 1.763941 1375.123224
594 2.614038 1377.737262
595 3.092867 1380.830129
596 1.507791 1382.337920
597 1.609081 1383.947001
598 3.421085 1387.368086
599 1.957724 1389.325810
600 3.647807 1392.973617
601 3.687907 1396.661524
602 4.231062 1400.892586
603 2.738423 1403.631009
604 2.023000 1405.654009
605 1.785369 1407.439378
606 1.936381 1409.375759
607 2.028893 1411.404652
608 1.232734 1412.637386
609 1.978745 1414.616131
610 2.047650 1416.663781
611 3.246120 1419.909901
612 1.904824 1421.814725
613 1.325883 1423.140608
614 1.310735 1424.451343
615 1.292059 1425.743402
616 1.388975 1427.132377
617 2.699851 1429.832228
618 2.093053 1431.925281
619 1.543531 1433.468812
620 1.615549 1435.084361
621 1.564172 1436.648533
622 1.310806 1437.959339
623 1.383596 1439.342935
624 2.896985 1442.239920
625 2.802272 1445.042192
626 2.222237 1447.264429
627 3.931245 1451.195674
628 1.778549 1452.974223
629 2.499245 1455.473468
630 1.584932 1457.058400
631 1.798377 1458.856777
632 1.425230 1460.282007
633 1.349071 1461.631078
634 1.224375 1462.855453
635 1.930344 1464.785797
636 1.505974 1466.291771
637 1.489753 1467.781524
638 1.869456 1469.650980
639 3.670562 1473.321542
640 1.323120 1474.644662
641 1.433864 1476.078526
642 3.975294 1480.053820
643 1.619209 1481.673029
644 1.228662 1482.901691
645 2.666846 1485.568537
646 2.045819 1487.614356
647 1.591963 1489.206319
648 2.137325 1491.343644
649 1.447760 1492.791404
650 3.706996 1496.498400
651 1.759093 1498.257493
652 2.674541 1500.932034
653 1.431519 1502.363553
654 2.589177 1504.952730
655 4.470098 1509.422828
656 1.834994 1511.257822
657 1.382148 1512.639970
658 1.999890 1514.639860
659 2.131102 1516.770962
660 1.555225 1518.326187
661 2.868315 1521.194502
662 1.351215 1522.545717
663 1.477152 1524.022869
664 2.373492 1526.396361
665 1.312638 1527.708999
666 1.415820 1529.124819
667 3.327047 1532.451866
668 1.265400 1533.717266
669 2.325249 1536.042515
670 3.599962 1539.642477
671 1.450543 1541.093020
672 1.346003 1542.439023
673 1.283341 1543.722364
674 1.193938 1544.916302
675 2.128294 1547.044596
676 1.282372 1548.326968
677 1.262096 1549.589064
678 1.379425 1550.968489
679 1.178893 1552.147382
680 2.843347 1554.990729
681 1.400517 1556.391246
682 1.208867 1557.600113
683 2.412981 1560.013094
684 1.270754 1561.283848
685 1.159947 1562.443795
686 2.311923 1564.755718
687 1.553884 1566.309602
688 1.359282 1567.668884
689 1.314962 1568.983846
690 4.253442 1573.237288
691 1.771557 1575.008845
692 2.716520 1577.725365
693 1.684576 1579.409941
694 1.975569 1581.385510
695 2.026046 1583.411556
696 2.111274 1585.522830
697 1.451650 1586.974480
698 1.376750 1588.351230
699 1.245186 1589.596416
700 2.217990 1591.814406
701 1.303080 1593.117486
702 3.023823 1596.141309
703 2.404742 1598.546051
704 1.443309 1599.989360
705 2.042974 1602.032334
706 3.611823 1605.644157
707 1.865539 1607.509696
708 2.425840 1609.935536
709 1.989854 1611.925390
710 3.436798 1615.362188
711 2.469031 1617.831219
712 1.797921 1619.629140
713 1.401388 1621.030528
714 1.489212 1622.519740
715 2.074248 1624.593988
716 1.200614 1625.794602
717 2.237430 1628.032032
718 1.413677 1629.445709
719 3.459835 1632.905544
720 2.128763 1635.034307
721 2.392388 1637.426695
722 5.475942 1642.902637
723 1.367200 1644.269837
724 2.202699 1646.472536
725 1.976568 1648.449104
726 2.691715 1651.140819
727 2.069949 1653.210768
728 3.924189 1657.134957
729 4.473471 1661.608428
730 1.316228 1662.924656
731 1.296451 1664.221107
732 1.646078 1665.867185
733 1.572262 1667.439447
734 2.188018 1669.627465
735 1.517953 1671.145418
736 1.911437 1673.056855
737 2.012338 1675.069193
738 1.377410 1676.446603
739 2.132946 1678.579549
740 2.486640 1681.066189
741 1.657938 1682.724127
742 1.479039 1684.203166
743 3.377866 1687.581032
744 2.685109 1690.266141
745 3.176029 1693.442170
746 2.295527 1695.737697
747 3.202895 1698.940592
748 2.029517 1700.970109
749 1.910015 1702.880124
750 1.275239 1704.155363
751 3.672112 1707.827475
752 1.580489 1709.407964
753 1.344011 1710.751975
754 3.054935 1713.806910
755 2.396850 1716.203760
756 4.119932 1720.323692
757 1.380213 1721.703905
758 4.488063 1726.191968
759 3.444030 1729.635998
760 1.586965 1731.222963
done 760 4.347187 1735.570150
