# instance assign_to_Fattree_n8_k2_bw10_cpu16.pn
# Settings: Namespace(PN='../../../instances/fattree-bcube/Fattree_n8_k2_bw10_cpu16.pn', VDC_LIST='../../../instances/fattree-bcube/instance_list_9vm_rnd.txt', affinity=False, affinity_soft=True, allow_virtual_switches_in_switches=True, anti_affinity=False, assert_all_physical_edges=False, binary_search=True, bitblast_addition=False, bitblast_addition_shadow=False, configured=True, conflict_limit=-1, deallocate_prob=0.0, debug=False, decide_opt_lits=True, directed_links=True, flush_pb_theory=False, force_virtual_switches=False, ignore_ram_constraints=True, ignore_storage_constraints=True, ijcai_settings=False, intrinsic_edge_constraints=False, intrinsic_edge_sets=True, logfile=None, max_cores=1, max_ram=1, max_storage=1, max_vms=9, min_cores=False, min_servers=False, opt_conflict_limit=0, opt_detect_sat=False, opt_time_limit=-1, output=None, popcount='BV', prop_assumps=True, refine_flow=True, remove_all_flow_cycles=False, remove_flow_cycles=False, remove_flow_cycles_python=False, rnd_restart=True, rnd_theory_freq=0.99, rnd_theory_order=False, separate_reach_constraints=False, static_flow_caps=True, theory_order_vsids=True, timelog='timelogs/config_results_vdcmapper_fattree8_9vm', tree_addition=True, use_cover_for_refinement=True, use_min_cost_max_flow=False, vsids_balance=1, vsids_both=True)
init 2.316528 2.316528
1 2.517921 4.834449
2 0.305251 5.139700
3 0.306684 5.446384
4 0.266312 5.712696
5 0.315332 6.028028
6 0.266915 6.294943
7 0.297785 6.592728
8 0.325194 6.917922
9 0.316837 7.234759
10 0.304436 7.539195
11 0.322014 7.861209
12 0.283356 8.144565
13 0.321413 8.465978
14 0.366900 8.832878
15 0.314003 9.146881
16 0.605430 9.752311
17 0.353901 10.106212
18 0.400350 10.506562
19 0.367919 10.874481
20 0.371971 11.246452
21 0.395601 11.642053
22 0.351023 11.993076
23 0.489666 12.482742
24 0.397367 12.880109
25 0.342448 13.222557
26 0.393408 13.615965
27 0.382219 13.998184
28 0.447163 14.445347
29 0.401392 14.846739
30 0.348865 15.195604
31 0.457011 15.652615
32 0.494270 16.146885
33 0.363867 16.510752
34 0.359620 16.870372
35 0.356279 17.226651
36 0.423272 17.649923
37 0.454795 18.104718
38 0.542271 18.646989
39 0.505118 19.152107
40 0.632849 19.784956
41 0.607039 20.391995
42 0.468786 20.860781
43 0.801454 21.662235
44 0.531556 22.193791
45 0.667874 22.861665
46 0.529104 23.390769
47 0.482358 23.873127
48 0.439608 24.312735
49 0.450874 24.763609
50 0.486057 25.249666
51 0.499119 25.748785
52 0.512395 26.261180
53 0.536696 26.797876
54 0.619348 27.417224
55 0.532375 27.949599
56 0.597738 28.547337
57 0.520813 29.068150
58 0.591114 29.659264
59 0.538183 30.197447
60 0.488917 30.686364
61 0.522575 31.208939
62 0.438148 31.647087
63 0.443132 32.090219
64 0.439334 32.529553
65 0.413262 32.942815
66 0.536374 33.479189
67 0.544312 34.023501
68 0.640545 34.664046
69 0.565430 35.229476
70 0.582719 35.812195
71 0.488346 36.300541
72 0.494835 36.795376
73 0.451289 37.246665
74 0.418036 37.664701
75 0.518458 38.183159
76 0.552058 38.735217
77 0.448163 39.183380
78 0.589084 39.772464
79 0.548075 40.320539
80 0.459613 40.780152
81 0.472326 41.252478
82 0.555084 41.807562
83 0.626823 42.434385
84 0.652972 43.087357
85 0.489069 43.576426
86 0.449942 44.026368
87 0.674764 44.701132
88 0.568756 45.269888
89 0.477610 45.747498
90 0.743493 46.490991
91 0.939960 47.430951
92 0.441004 47.871955
93 0.433396 48.305351
94 0.474032 48.779383
95 0.468829 49.248212
96 0.663247 49.911459
97 0.501684 50.413143
98 0.650609 51.063752
99 0.424703 51.488455
100 0.404774 51.893229
101 0.359241 52.252470
102 0.883117 53.135587
103 0.473473 53.609060
104 0.507981 54.117041
105 0.406548 54.523589
106 0.422858 54.946447
107 0.390813 55.337260
108 0.595997 55.933257
109 0.592775 56.526032
110 0.451359 56.977391
111 0.448064 57.425455
112 0.496371 57.921826
113 0.423304 58.345130
114 0.479579 58.824709
115 0.495328 59.320037
116 0.491321 59.811358
117 0.534711 60.346069
118 0.454616 60.800685
119 0.655545 61.456230
120 0.447873 61.904103
121 0.524916 62.429019
122 0.414415 62.843434
123 0.443549 63.286983
124 0.711536 63.998519
125 0.475696 64.474215
126 0.385822 64.860037
127 0.627086 65.487123
128 0.507716 65.994839
129 0.403747 66.398586
130 0.359507 66.758093
131 0.359906 67.117999
132 0.524535 67.642534
133 0.585479 68.228013
134 0.435645 68.663658
135 0.483597 69.147255
136 0.445874 69.593129
137 0.402987 69.996116
138 0.378271 70.374387
139 0.435080 70.809467
140 0.503582 71.313049
141 0.404900 71.717949
142 0.586052 72.304001
143 0.394273 72.698274
144 0.497842 73.196116
145 0.579112 73.775228
146 0.430586 74.205814
147 0.468724 74.674538
148 0.494637 75.169175
149 0.571787 75.740962
150 0.431943 76.172905
151 0.503377 76.676282
152 0.532428 77.208710
153 0.513671 77.722381
154 0.558965 78.281346
155 0.476357 78.757703
156 0.426733 79.184436
157 0.598805 79.783241
158 0.370847 80.154088
159 0.423663 80.577751
160 0.604500 81.182251
161 0.423535 81.605786
162 0.386813 81.992599
163 0.727572 82.720171
164 0.392137 83.112308
165 0.657846 83.770154
166 0.497891 84.268045
167 0.616541 84.884586
168 0.471841 85.356427
169 0.818938 86.175365
170 0.390946 86.566311
171 0.400228 86.966539
172 0.711624 87.678163
173 0.453247 88.131410
174 0.532094 88.663504
175 0.414265 89.077769
176 0.483916 89.561685
177 0.478015 90.039700
178 0.444179 90.483879
179 0.375094 90.858973
180 0.408787 91.267760
181 0.501739 91.769499
182 0.478335 92.247834
183 0.560256 92.808090
184 0.573974 93.382064
185 0.479002 93.861066
186 0.726390 94.587456
187 0.403363 94.990819
188 0.440344 95.431163
189 0.824698 96.255861
190 0.431078 96.686939
191 0.425874 97.112813
192 0.392707 97.505520
193 0.483982 97.989502
194 0.391050 98.380552
195 0.401623 98.782175
196 0.606276 99.388451
197 0.391568 99.780019
198 0.577934 100.357953
199 0.452638 100.810591
200 0.512087 101.322678
201 0.554060 101.876738
202 0.507421 102.384159
203 0.687413 103.071572
204 0.712827 103.784399
205 0.446215 104.230614
206 0.421344 104.651958
207 0.516155 105.168113
208 0.732142 105.900255
209 0.377409 106.277664
210 0.521474 106.799138
211 0.568605 107.367743
212 0.527828 107.895571
213 0.548809 108.444380
214 0.749293 109.193673
215 0.512554 109.706227
216 0.625737 110.331964
217 0.528351 110.860315
218 0.758920 111.619235
219 0.362797 111.982032
220 0.404938 112.386970
221 0.479107 112.866077
222 0.329105 113.195182
223 0.621981 113.817163
224 0.395032 114.212195
225 0.354292 114.566487
done 225 0.259793 114.826280
