# instance assign_to_Fattree_n12_k2_bw10_cpu16.pn
# Settings: Namespace(PN='../../../instances/fattree-bcube/Fattree_n12_k2_bw10_cpu16.pn', VDC_LIST='../../../instances/fattree-bcube/instance_list_12vm_rnd.txt', affinity=False, affinity_soft=True, allow_virtual_switches_in_switches=True, anti_affinity=False, assert_all_physical_edges=False, binary_search=True, bitblast_addition=False, bitblast_addition_shadow=False, configured=True, conflict_limit=-1, deallocate_prob=0.0, debug=False, decide_opt_lits=True, directed_links=True, flush_pb_theory=False, force_virtual_switches=False, ignore_ram_constraints=True, ignore_storage_constraints=True, ijcai_settings=False, intrinsic_edge_constraints=False, intrinsic_edge_sets=True, logfile=None, max_cores=1, max_ram=1, max_storage=1, max_vms=12, min_cores=False, min_servers=False, opt_conflict_limit=0, opt_detect_sat=False, opt_time_limit=-1, output=None, popcount='BV', prop_assumps=True, refine_flow=True, remove_all_flow_cycles=False, remove_flow_cycles=False, remove_flow_cycles_python=False, rnd_restart=True, rnd_theory_freq=0.99, rnd_theory_order=False, separate_reach_constraints=False, static_flow_caps=True, theory_order_vsids=True, timelog='timelogs/config_results_vdcmapper_fattree12_12vm', tree_addition=True, use_cover_for_refinement=True, use_min_cost_max_flow=False, vsids_balance=1, vsids_both=True)
init 9.299838 9.299838
1 13.610374 22.910212
2 1.366397 24.276609
3 1.366036 25.642645
4 3.321238 28.963883
5 1.585460 30.549343
6 1.500309 32.049652
7 2.352049 34.401701
8 2.072430 36.474131
9 2.944313 39.418444
10 2.509862 41.928306
11 2.340493 44.268799
12 4.503324 48.772123
13 4.326982 53.099105
14 2.917779 56.016884
15 3.210020 59.226904
16 2.946284 62.173188
17 2.124193 64.297381
18 3.569161 67.866542
19 3.488190 71.354732
20 5.441186 76.795918
21 2.290942 79.086860
22 2.935670 82.022530
23 3.174707 85.197237
24 21.627550 106.824787
25 8.010025 114.834812
26 2.943895 117.778707
27 3.143349 120.922056
28 2.014848 122.936904
29 3.882987 126.819891
30 5.578249 132.398140
31 5.533079 137.931219
32 11.232577 149.163796
33 7.579286 156.743082
34 7.123605 163.866687
35 5.487362 169.354049
36 2.501934 171.855983
37 2.804908 174.660891
38 3.983555 178.644446
39 4.774483 183.418929
40 5.072704 188.491633
41 5.420210 193.911843
42 9.942495 203.854338
43 10.954920 214.809258
44 2.770634 217.579892
45 8.422390 226.002282
46 10.204686 236.206968
47 6.074062 242.281030
48 10.189697 252.470727
49 4.943364 257.414091
50 4.073365 261.487456
51 7.488471 268.975927
52 9.020992 277.996919
53 4.244779 282.241698
54 7.527093 289.768791
55 5.070350 294.839141
56 5.349030 300.188171
57 3.609159 303.797330
58 2.954423 306.751753
59 6.254642 313.006395
60 4.821437 317.827832
61 4.912904 322.740736
62 3.231237 325.971973
63 5.724340 331.696313
64 3.239969 334.936282
65 2.592996 337.529278
66 2.173996 339.703274
67 5.893756 345.597030
68 2.597880 348.194910
69 3.450672 351.645582
70 6.433438 358.079020
71 5.171198 363.250218
72 3.317564 366.567782
73 4.895203 371.462985
74 8.773405 380.236390
75 4.805084 385.041474
76 3.619674 388.661148
77 8.584201 397.245349
78 10.901325 408.146674
79 5.559458 413.706132
80 2.967389 416.673521
81 6.108138 422.781659
82 2.247901 425.029560
83 7.253138 432.282698
84 7.345518 439.628216
85 3.727180 443.355396
86 7.058470 450.413866
87 3.132481 453.546347
88 13.967176 467.513523
89 3.027910 470.541433
90 3.233792 473.775225
91 2.816012 476.591237
92 18.987781 495.579018
93 5.135641 500.714659
94 8.178645 508.893304
95 14.904726 523.798030
96 2.572457 526.370487
97 3.804654 530.175141
98 3.291988 533.467129
99 12.942594 546.409723
100 3.599301 550.009024
101 3.298897 553.307921
102 4.860857 558.168778
103 5.192371 563.361149
104 8.008422 571.369571
105 3.753574 575.123145
106 6.603225 581.726370
107 2.337840 584.064210
108 11.309072 595.373282
109 3.485072 598.858354
110 3.892882 602.751236
111 2.853526 605.604762
112 7.027822 612.632584
113 5.721588 618.354172
114 5.173552 623.527724
115 8.871602 632.399326
116 5.809588 638.208914
117 3.657702 641.866616
118 7.909021 649.775637
119 2.998100 652.773737
120 6.414552 659.188289
121 10.829969 670.018258
122 2.902592 672.920850
123 11.424756 684.345606
124 4.127096 688.472702
125 11.535046 700.007748
126 3.894169 703.901917
127 4.439198 708.341115
128 4.450898 712.792013
129 6.611151 719.403164
130 2.636625 722.039789
131 2.811235 724.851024
132 7.689204 732.540228
133 11.061579 743.601807
134 9.795570 753.397377
135 6.723077 760.120454
136 18.998975 779.119429
137 4.759943 783.879372
138 11.530806 795.410178
139 13.827162 809.237340
140 6.145125 815.382465
141 2.347462 817.729927
142 23.221987 840.951914
143 3.108195 844.060109
144 2.786393 846.846502
145 2.467004 849.313506
146 4.800176 854.113682
147 9.625434 863.739116
148 2.237115 865.976231
149 15.488706 881.464937
150 8.210460 889.675397
151 16.037128 905.712525
152 4.290218 910.002743
153 3.595137 913.597880
154 4.544736 918.142616
155 4.527227 922.669843
156 3.703935 926.373778
157 5.126845 931.500623
158 9.712299 941.212922
159 6.684297 947.897219
160 9.913411 957.810630
161 6.059378 963.870008
162 4.256110 968.126118
163 3.683701 971.809819
164 4.490191 976.300010
165 3.864553 980.164563
166 3.023891 983.188454
167 2.939218 986.127672
168 2.634681 988.762353
169 2.372537 991.134890
170 19.438728 1010.573618
171 5.605775 1016.179393
172 4.737748 1020.917141
173 6.760985 1027.678126
174 10.241730 1037.919856
175 4.814222 1042.734078
176 8.390532 1051.124610
177 2.049218 1053.173828
178 3.977320 1057.151148
179 2.258671 1059.409819
180 2.450602 1061.860421
181 3.021337 1064.881758
182 5.033784 1069.915542
183 9.404137 1079.319679
184 3.253090 1082.572769
185 3.062651 1085.635420
186 2.857733 1088.493153
187 7.723387 1096.216540
188 10.046644 1106.263184
189 3.054250 1109.317434
190 3.601841 1112.919275
191 16.744363 1129.663638
192 5.632095 1135.295733
193 7.008433 1142.304166
194 6.945099 1149.249265
195 10.162023 1159.411288
196 3.325073 1162.736361
197 4.167023 1166.903384
198 11.147086 1178.050470
199 4.374309 1182.424779
200 8.991468 1191.416247
201 7.604429 1199.020676
202 12.931318 1211.951994
203 3.980231 1215.932225
204 5.406245 1221.338470
205 2.180055 1223.518525
206 6.561008 1230.079533
207 3.345808 1233.425341
208 2.941348 1236.366689
209 2.201271 1238.567960
210 5.192663 1243.760623
211 18.051385 1261.812008
212 3.800478 1265.612486
213 2.246995 1267.859481
214 10.721130 1278.580611
215 4.029620 1282.610231
216 6.430521 1289.040752
217 2.812026 1291.852778
218 2.199748 1294.052526
219 2.259421 1296.311947
220 5.122585 1301.434532
221 2.050535 1303.485067
222 4.277051 1307.762118
223 3.039182 1310.801300
224 2.691530 1313.492830
225 10.201995 1323.694825
226 4.175748 1327.870573
227 36.044306 1363.914879
228 4.988927 1368.903806
229 2.662537 1371.566343
230 4.066242 1375.632585
231 8.554629 1384.187214
232 8.449780 1392.636994
233 2.010906 1394.647900
234 10.432451 1405.080351
235 3.486225 1408.566576
236 8.119159 1416.685735
237 9.354248 1426.039983
238 2.980841 1429.020824
239 6.860665 1435.881489
240 2.911162 1438.792651
241 9.012266 1447.804917
242 7.684286 1455.489203
243 2.598573 1458.087776
244 3.685014 1461.772790
245 12.005886 1473.778676
246 2.621744 1476.400420
247 4.165890 1480.566310
248 8.777133 1489.343443
249 9.311101 1498.654544
250 8.194451 1506.848995
251 4.930903 1511.779898
252 2.766303 1514.546201
253 3.462815 1518.009016
254 3.064984 1521.074000
255 3.792960 1524.866960
256 20.484020 1545.350980
257 8.465145 1553.816125
258 5.117823 1558.933948
259 8.005525 1566.939473
260 6.940812 1573.880285
261 3.828452 1577.708737
262 24.269170 1601.977907
263 8.762442 1610.740349
264 3.677566 1614.417915
265 7.718219 1622.136134
266 11.651336 1633.787470
267 2.421125 1636.208595
268 6.790788 1642.999383
269 18.119572 1661.118955
270 4.195866 1665.314821
271 10.241572 1675.556393
272 3.104978 1678.661371
273 12.903941 1691.565312
274 3.640261 1695.205573
275 8.462670 1703.668243
276 16.750852 1720.419095
277 3.492053 1723.911148
278 7.444361 1731.355509
279 10.851265 1742.206774
280 3.065680 1745.272454
281 3.725217 1748.997671
282 2.900795 1751.898466
283 2.235828 1754.134294
284 3.113118 1757.247412
285 3.355504 1760.602916
286 2.440233 1763.043149
287 15.548452 1778.591601
288 3.318525 1781.910126
289 28.298280 1810.208406
290 9.268824 1819.477230
291 3.500511 1822.977741
292 10.029927 1833.007668
293 3.279114 1836.286782
294 13.234593 1849.521375
295 2.858800 1852.380175
296 5.798099 1858.178274
297 4.305871 1862.484145
298 3.369937 1865.854082
299 2.652781 1868.506863
300 2.873163 1871.380026
301 2.544967 1873.924993
302 36.081961 1910.006954
303 3.845556 1913.852510
304 4.081205 1917.933715
305 6.345623 1924.279338
306 10.077009 1934.356347
307 2.798519 1937.154866
308 2.517137 1939.672003
309 2.723631 1942.395634
310 6.260134 1948.655768
311 4.960502 1953.616270
312 2.972742 1956.589012
313 7.648840 1964.237852
314 8.704255 1972.942107
315 9.683628 1982.625735
316 11.274923 1993.900658
317 6.157727 2000.058385
318 2.730800 2002.789185
319 9.456604 2012.245789
320 2.496561 2014.742350
321 3.101371 2017.843721
322 3.558237 2021.401958
323 2.513683 2023.915641
324 2.014630 2025.930271
325 8.206071 2034.136342
326 7.536891 2041.673233
327 11.940963 2053.614196
328 15.080945 2068.695141
329 3.513426 2072.208567
330 5.987531 2078.196098
331 2.279612 2080.475710
332 2.409551 2082.885261
333 16.644943 2099.530204
334 2.138639 2101.668843
335 14.540382 2116.209225
336 2.175147 2118.384372
337 2.314550 2120.698922
338 10.674433 2131.373355
339 3.651409 2135.024764
340 2.966307 2137.991071
341 1.959346 2139.950417
342 4.087356 2144.037773
343 6.199484 2150.237257
344 2.512282 2152.749539
345 11.816705 2164.566244
346 30.303098 2194.869342
347 7.510892 2202.380234
348 5.922535 2208.302769
349 6.557814 2214.860583
350 3.289842 2218.150425
351 9.986872 2228.137297
352 5.180428 2233.317725
353 2.300138 2235.617863
354 1.978361 2237.596224
355 13.368724 2250.964948
356 22.998247 2273.963195
357 24.941870 2298.905065
358 5.226216 2304.131281
359 4.157271 2308.288552
360 2.124838 2310.413390
361 2.236885 2312.650275
362 10.957446 2323.607721
363 4.493269 2328.100990
364 2.550581 2330.651571
365 24.571052 2355.222623
366 8.660062 2363.882685
367 2.226150 2366.108835
368 13.163922 2379.272757
369 20.458377 2399.731134
370 3.358112 2403.089246
371 9.300412 2412.389658
372 4.583471 2416.973129
373 11.011165 2427.984294
374 22.295742 2450.280036
375 23.632278 2473.912314
376 19.952461 2493.864775
377 5.052903 2498.917678
378 3.644536 2502.562214
379 12.335328 2514.897542
380 19.239474 2534.137016
381 4.331567 2538.468583
382 4.054861 2542.523444
383 6.854861 2549.378305
384 6.660791 2556.039096
385 3.346714 2559.385810
386 6.444775 2565.830585
387 3.307129 2569.137714
388 8.270260 2577.407974
389 2.159627 2579.567601
390 2.574673 2582.142274
391 7.031172 2589.173446
392 5.926188 2595.099634
393 5.096286 2600.195920
394 2.306147 2602.502067
395 4.416308 2606.918375
396 4.852618 2611.770993
397 2.516340 2614.287333
398 12.169912 2626.457245
399 5.516248 2631.973493
400 5.308420 2637.281913
401 2.907832 2640.189745
402 2.140308 2642.330053
403 2.435995 2644.766048
404 6.260309 2651.026357
405 8.113788 2659.140145
406 2.010946 2661.151091
407 8.931620 2670.082711
408 8.979165 2679.061876
409 33.529975 2712.591851
410 3.254706 2715.846557
411 3.294789 2719.141346
412 7.937283 2727.078629
413 13.842940 2740.921569
414 37.122687 2778.044256
415 6.626049 2784.670305
416 5.851857 2790.522162
417 21.555060 2812.077222
418 2.561070 2814.638292
419 3.753838 2818.392130
420 8.015106 2826.407236
421 11.527389 2837.934625
422 2.622827 2840.557452
423 2.203466 2842.760918
424 14.279985 2857.040903
425 9.290908 2866.331811
426 3.110402 2869.442213
427 10.379139 2879.821352
428 2.272112 2882.093464
429 2.179629 2884.273093
430 7.770702 2892.043795
431 10.664090 2902.707885
432 5.243081 2907.950966
433 10.324431 2918.275397
434 28.798682 2947.074079
435 16.418714 2963.492793
436 14.995829 2978.488622
437 5.668518 2984.157140
438 24.472550 3008.629690
439 5.835278 3014.464968
440 8.279970 3022.744938
441 19.342007 3042.086945
442 6.476449 3048.563394
443 15.436495 3063.999889
444 9.912822 3073.912711
445 5.595705 3079.508416
446 36.367276 3115.875692
447 20.064155 3135.939847
448 3.681030 3139.620877
449 6.204337 3145.825214
450 4.535522 3150.360736
451 29.557275 3179.918011
452 4.648715 3184.566726
453 22.911869 3207.478595
454 35.213624 3242.692219
455 2.097309 3244.789528
456 3.150231 3247.939759
457 56.350575 3304.290334
458 29.925540 3334.215874
459 29.851484 3364.067358
460 6.093771 3370.161129
461 9.177880 3379.339009
462 17.679553 3397.018562
463 1.996256 3399.014818
464 3.915952 3402.930770
465 14.604097 3417.534867
466 7.649869 3425.184736
467 2.362009 3427.546745
468 11.983417 3439.530162
469 3.115421 3442.645583
470 26.424006 3469.069589
471 33.103531 3502.173120
472 12.255476 3514.428596
473 17.022781 3531.451377
474 2.769217 3534.220594
475 3.618760 3537.839354
476 11.586032 3549.425386
477 14.604330 3564.029716
478 2.316855 3566.346571
479 4.444206 3570.790777
480 2.893722 3573.684499
481 4.329711 3578.014210
