# instance assign_to_Fattree_n12_k2_bw10_cpu16.pn
# Settings: Namespace(PN='../../../instances/fattree-bcube/Fattree_n12_k2_bw10_cpu16.pn', VDC_LIST='../../../instances/fattree-bcube/instance_list_15vm_rnd.txt', affinity=False, affinity_soft=True, allow_virtual_switches_in_switches=True, anti_affinity=False, assert_all_physical_edges=False, binary_search=True, bitblast_addition=False, bitblast_addition_shadow=False, configured=True, conflict_limit=-1, deallocate_prob=0.0, debug=False, decide_opt_lits=True, directed_links=True, flush_pb_theory=False, force_virtual_switches=False, ignore_ram_constraints=True, ignore_storage_constraints=True, ijcai_settings=False, intrinsic_edge_constraints=False, intrinsic_edge_sets=True, logfile=None, max_cores=1, max_ram=1, max_storage=1, max_vms=15, min_cores=False, min_servers=False, opt_conflict_limit=0, opt_detect_sat=False, opt_time_limit=-1, output=None, popcount='BV', prop_assumps=True, refine_flow=True, remove_all_flow_cycles=False, remove_flow_cycles=False, remove_flow_cycles_python=False, rnd_restart=True, rnd_theory_freq=0.99, rnd_theory_order=False, separate_reach_constraints=False, static_flow_caps=True, theory_order_vsids=True, timelog='timelogs/config_results_vdcmapper_fattree12_15vm', tree_addition=True, use_cover_for_refinement=True, use_min_cost_max_flow=False, vsids_balance=1, vsids_both=True)
init 11.492649 11.492649
1 20.353946 31.846595
2 2.001364 33.847959
3 4.177405 38.025364
4 3.577996 41.603360
5 11.766583 53.369943
6 3.750272 57.120215
7 31.929571 89.049786
8 12.359471 101.409257
9 19.267268 120.676525
10 4.101457 124.777982
11 12.131652 136.909634
12 15.841291 152.750925
13 28.038496 180.789421
14 8.087768 188.877189
15 13.462956 202.340145
16 5.334304 207.674449
17 6.971650 214.646099
18 26.490191 241.136290
19 11.111798 252.248088
20 6.022212 258.270300
21 28.882637 287.152937
22 17.315372 304.468309
23 12.823280 317.291589
24 7.420203 324.711792
25 4.296514 329.008306
26 10.177337 339.185643
27 13.753424 352.939067
28 46.050183 398.989250
29 14.721058 413.710308
30 17.038455 430.748763
31 13.255913 444.004676
32 9.028065 453.032741
33 9.119065 462.151806
34 38.766173 500.917979
35 7.114616 508.032595
36 38.010809 546.043404
37 32.089989 578.133393
38 15.789875 593.923268
39 17.136338 611.059606
40 37.516319 648.575925
41 18.417634 666.993559
42 7.483664 674.477223
43 23.214378 697.691601
44 5.957068 703.648669
45 8.637972 712.286641
46 11.638220 723.924861
47 11.920498 735.845359
48 20.315975 756.161334
49 21.431278 777.592612
50 11.480377 789.072989
51 8.745567 797.818556
52 26.022005 823.840561
53 34.788222 858.628783
54 33.870051 892.498834
55 13.887259 906.386093
56 34.029273 940.415366
57 9.317326 949.732692
58 39.636394 989.369086
59 12.048496 1001.417582
60 13.862881 1015.280463
61 18.481263 1033.761726
62 6.165089 1039.926815
63 4.951026 1044.877841
64 24.596234 1069.474075
65 3.793116 1073.267191
66 23.780239 1097.047430
67 8.693003 1105.740433
68 67.614649 1173.355082
69 24.461480 1197.816562
70 10.330804 1208.147366
71 10.629010 1218.776376
72 33.025250 1251.801626
73 10.246548 1262.048174
74 21.551087 1283.599261
75 10.229295 1293.828556
76 7.347746 1301.176302
77 8.684044 1309.860346
78 18.481613 1328.341959
79 31.020464 1359.362423
80 19.794691 1379.157114
81 34.331802 1413.488916
82 29.023550 1442.512466
83 8.615089 1451.127555
84 18.479059 1469.606614
85 54.570097 1524.176711
86 66.674591 1590.851302
87 21.007248 1611.858550
88 52.346132 1664.204682
89 27.332227 1691.536909
90 35.876867 1727.413776
91 10.804860 1738.218636
92 36.711134 1774.929770
93 3.729519 1778.659289
94 11.405997 1790.065286
95 11.617495 1801.682781
96 11.676541 1813.359322
97 12.601699 1825.961021
98 3.236674 1829.197695
99 2.951657 1832.149352
100 43.283292 1875.432644
101 14.084284 1889.516928
102 46.436768 1935.953696
103 13.612609 1949.566305
104 41.436777 1991.003082
105 16.615135 2007.618217
106 6.012304 2013.630521
107 23.945709 2037.576230
108 39.337962 2076.914192
109 27.212572 2104.126764
110 38.601192 2142.727956
111 19.518203 2162.246159
112 24.098831 2186.344990
113 37.996408 2224.341398
114 42.993822 2267.335220
115 4.895217 2272.230437
116 15.587904 2287.818341
117 18.570438 2306.388779
118 32.869156 2339.257935
119 26.206086 2365.464021
120 47.259985 2412.724006
121 24.149799 2436.873805
122 83.387516 2520.261321
123 31.102862 2551.364183
124 20.924312 2572.288495
125 7.562627 2579.851122
126 24.059749 2603.910871
127 7.036723 2610.947594
128 3.643526 2614.591120
129 20.580633 2635.171753
130 43.806272 2678.978025
131 7.069429 2686.047454
132 30.308914 2716.356368
133 16.688003 2733.044371
134 39.838384 2772.882755
135 12.084380 2784.967135
136 28.505359 2813.472494
137 9.993723 2823.466217
138 20.090155 2843.556372
139 3.517534 2847.073906
140 21.387416 2868.461322
141 24.655284 2893.116606
142 64.943771 2958.060377
143 6.230458 2964.290835
144 6.615767 2970.906602
145 8.496569 2979.403171
146 13.375794 2992.778965
147 7.523720 3000.302685
148 7.213534 3007.516219
149 19.044194 3026.560413
150 4.978084 3031.538497
151 5.317449 3036.855946
152 5.181964 3042.037910
153 12.687810 3054.725720
154 32.394721 3087.120441
155 24.990278 3112.110719
156 35.040570 3147.151289
157 9.034261 3156.185550
158 8.322631 3164.508181
159 3.514684 3168.022865
160 6.322045 3174.344910
161 10.799550 3185.144460
162 75.476285 3260.620745
163 34.233672 3294.854417
164 19.843912 3314.698329
165 15.085430 3329.783759
166 14.360621 3344.144380
167 57.319882 3401.464262
168 9.722993 3411.187255
169 12.955813 3424.143068
170 29.065479 3453.208547
171 14.130264 3467.338811
172 5.996053 3473.334864
173 17.288476 3490.623340
174 40.757177 3531.380517
175 65.108828 3596.489345
