# instance assign_to_Fattree_n8_k2_bw10_cpu16.pn
# Settings: Namespace(PN='../../../instances/fattree-bcube/Fattree_n8_k2_bw10_cpu16.pn', VDC_LIST='../../../instances/fattree-bcube/instance_list_15vm_rnd.txt', affinity=False, affinity_soft=True, allow_virtual_switches_in_switches=True, anti_affinity=False, assert_all_physical_edges=False, binary_search=True, bitblast_addition=False, bitblast_addition_shadow=False, configured=True, conflict_limit=-1, deallocate_prob=0.0, debug=False, decide_opt_lits=True, directed_links=True, flush_pb_theory=False, force_virtual_switches=False, ignore_ram_constraints=True, ignore_storage_constraints=True, ijcai_settings=False, intrinsic_edge_constraints=False, intrinsic_edge_sets=True, logfile=None, max_cores=1, max_ram=1, max_storage=1, max_vms=15, min_cores=False, min_servers=False, opt_conflict_limit=0, opt_detect_sat=False, opt_time_limit=-1, output=None, popcount='BV', prop_assumps=True, refine_flow=True, remove_all_flow_cycles=False, remove_flow_cycles=False, remove_flow_cycles_python=False, rnd_restart=True, rnd_theory_freq=0.99, rnd_theory_order=False, separate_reach_constraints=False, static_flow_caps=True, theory_order_vsids=True, timelog='timelogs/config_results_vdcmapper_fattree8_15vm', tree_addition=True, use_cover_for_refinement=True, use_min_cost_max_flow=False, vsids_balance=1, vsids_both=True)
init 3.368385 3.368385
1 5.684417 9.052802
2 0.565121 9.617923
3 0.524548 10.142471
4 0.605558 10.748029
5 1.079997 11.828026
6 0.706476 12.534502
7 1.129469 13.663971
8 1.508033 15.172004
9 3.628785 18.800789
10 1.032654 19.833443
11 1.112092 20.945535
12 1.367872 22.313407
13 1.450154 23.763561
14 0.995723 24.759284
15 1.175851 25.935135
16 1.321723 27.256858
17 1.097728 28.354586
18 1.346072 29.700658
19 2.644923 32.345581
20 1.560485 33.906066
21 1.953314 35.859380
22 3.296665 39.156045
23 2.101048 41.257093
24 2.004143 43.261236
25 1.044169 44.305405
26 1.146505 45.451910
27 3.170363 48.622273
28 4.490576 53.112849
29 1.989320 55.102169
30 1.973122 57.075291
31 6.135716 63.211007
32 1.754148 64.965155
33 4.539699 69.504854
34 3.494018 72.998872
35 1.137271 74.136143
36 7.344166 81.480309
37 2.831070 84.311379
38 5.459984 89.771363
39 2.559063 92.330426
40 3.419365 95.749791
41 2.390575 98.140366
42 5.170928 103.311294
43 3.057748 106.369042
44 1.713713 108.082755
45 1.233833 109.316588
46 1.920817 111.237405
47 3.013448 114.250853
48 7.436255 121.687108
49 3.469166 125.156274
50 1.888242 127.044516
51 1.887143 128.931659
52 1.856363 130.788022
53 2.142695 132.930717
54 4.424104 137.354821
55 1.177189 138.532010
56 2.328170 140.860180
57 0.830410 141.690590
58 7.380032 149.070622
59 3.275110 152.345732
60 2.262630 154.608362
61 9.398024 164.006386
62 4.350480 168.356866
63 6.516680 174.873546
64 3.832516 178.706062
65 3.765996 182.472058
66 1.690454 184.162512
67 3.741472 187.903984
68 9.032811 196.936795
69 6.626600 203.563395
70 2.321166 205.884561
71 0.812810 206.697371
72 14.171984 220.869355
73 8.832700 229.702055
74 8.437085 238.139140
75 5.424071 243.563211
76 1.011773 244.574984
77 2.543398 247.118382
78 3.763121 250.881503
79 8.212300 259.093803
80 10.285426 269.379229
81 4.640658 274.019887
82 2.433687 276.453574
83 2.615627 279.069201
84 1.177092 280.246293
85 6.525313 286.771606
86 9.125218 295.896824
87 4.115944 300.012768
88 1.319988 301.332756
89 8.073115 309.405871
90 1.632984 311.038855
91 2.197725 313.236580
92 6.098441 319.335021
93 6.745740 326.080761
94 6.924191 333.004952
95 14.508348 347.513300
96 7.480515 354.993815
97 13.019866 368.013681
98 1.688423 369.702104
99 2.348237 372.050341
100 5.170519 377.220860
101 8.640314 385.861174
102 28.374648 414.235822
103 0.938609 415.174431
104 8.843391 424.017822
105 35.364341 459.382163
106 16.272481 475.654644
107 2.174478 477.829122
108 9.834886 487.664008
109 1.696784 489.360792
110 11.831738 501.192530
111 29.187153 530.379683
done 111 13.691562 544.071245
