# instance assign_to_Fattree_n8_k2_bw10_cpu16.pn
# Settings: Namespace(PN='../../../instances/fattree-bcube/Fattree_n8_k2_bw10_cpu16.pn', VDC_LIST='../../../instances/fattree-bcube/instance_list_6vm_rnd.txt', affinity=False, affinity_soft=True, allow_virtual_switches_in_switches=True, anti_affinity=False, assert_all_physical_edges=False, binary_search=True, bitblast_addition=False, bitblast_addition_shadow=False, configured=True, conflict_limit=-1, deallocate_prob=0.0, debug=False, decide_opt_lits=True, directed_links=True, flush_pb_theory=False, force_virtual_switches=False, ignore_ram_constraints=True, ignore_storage_constraints=True, ijcai_settings=False, intrinsic_edge_constraints=False, intrinsic_edge_sets=True, logfile=None, max_cores=1, max_ram=1, max_storage=1, max_vms=6, min_cores=False, min_servers=False, opt_conflict_limit=0, opt_detect_sat=False, opt_time_limit=-1, output=None, popcount='BV', prop_assumps=True, refine_flow=True, remove_all_flow_cycles=False, remove_flow_cycles=False, remove_flow_cycles_python=False, rnd_restart=True, rnd_theory_freq=0.99, rnd_theory_order=False, separate_reach_constraints=False, static_flow_caps=True, theory_order_vsids=True, timelog='timelogs/config_results_vdcmapper_fattree8_6vm', tree_addition=True, use_cover_for_refinement=True, use_min_cost_max_flow=False, vsids_balance=1, vsids_both=True)
init 1.487454 1.487454
1 1.534604 3.022058
2 0.203502 3.225560
3 0.194362 3.419922
4 0.197490 3.617412
5 0.384086 4.001498
6 0.220293 4.221791
7 0.221192 4.442983
8 0.231025 4.674008
9 0.188735 4.862743
10 0.189083 5.051826
11 0.212021 5.263847
12 0.213432 5.477279
13 0.217635 5.694914
14 0.213285 5.908199
15 0.197436 6.105635
16 0.212490 6.318125
17 0.210867 6.528992
18 0.198982 6.727974
19 0.203168 6.931142
20 0.201245 7.132387
21 0.215338 7.347725
22 0.202516 7.550241
23 0.205601 7.755842
24 0.222419 7.978261
25 0.339428 8.317689
26 0.228158 8.545847
27 0.245929 8.791776
28 0.218971 9.010747
29 0.211416 9.222163
30 0.208262 9.430425
31 0.240541 9.670966
32 0.220564 9.891530
33 0.240498 10.132028
34 0.270394 10.402422
35 0.296087 10.698509
36 0.239798 10.938307
37 0.335950 11.274257
38 0.292374 11.566631
39 0.259644 11.826275
40 0.222484 12.048759
41 0.311252 12.360011
42 0.231164 12.591175
43 0.265863 12.857038
44 0.249489 13.106527
45 0.232932 13.339459
46 0.221887 13.561346
47 0.236541 13.797887
48 0.283534 14.081421
49 0.227651 14.309072
50 0.259159 14.568231
51 0.245459 14.813690
52 0.261433 15.075123
53 0.268252 15.343375
54 0.299571 15.642946
55 0.231167 15.874113
56 0.273303 16.147416
57 0.226809 16.374225
58 0.227865 16.602090
59 0.230817 16.832907
60 0.229777 17.062684
61 0.276680 17.339364
62 0.235112 17.574476
63 0.244437 17.818913
64 0.244818 18.063731
65 0.229994 18.293725
66 0.244711 18.538436
67 0.233530 18.771966
68 0.242886 19.014852
69 0.247230 19.262082
70 0.297432 19.559514
71 0.249110 19.808624
72 0.243770 20.052394
73 0.246349 20.298743
74 0.282589 20.581332
75 0.251147 20.832479
76 0.302401 21.134880
77 0.247882 21.382762
78 0.307631 21.690393
79 0.245922 21.936315
80 0.250019 22.186334
81 0.287905 22.474239
82 0.288168 22.762407
83 0.255819 23.018226
84 0.320130 23.338356
85 0.241775 23.580131
86 0.265958 23.846089
87 0.350777 24.196866
88 0.313299 24.510165
89 0.363709 24.873874
90 0.255731 25.129605
91 0.258820 25.388425
92 0.296869 25.685294
93 0.255915 25.941209
94 0.278371 26.219580
95 0.249586 26.469166
96 0.253182 26.722348
97 0.241018 26.963366
98 0.237989 27.201355
99 0.237427 27.438782
100 0.232852 27.671634
101 0.238628 27.910262
102 0.236015 28.146277
103 0.294598 28.440875
104 0.252445 28.693320
105 0.274189 28.967509
106 0.331688 29.299197
107 0.248475 29.547672
108 0.268922 29.816594
109 0.247354 30.063948
110 0.234742 30.298690
111 0.236961 30.535651
112 0.239881 30.775532
113 0.352605 31.128137
114 0.258425 31.386562
115 0.280645 31.667207
116 0.315974 31.983181
117 0.241826 32.225007
118 0.306312 32.531319
119 0.263892 32.795211
120 0.266054 33.061265
121 0.271473 33.332738
122 0.278684 33.611422
123 0.262201 33.873623
124 0.261868 34.135491
125 0.245683 34.381174
126 0.268212 34.649386
127 0.271496 34.920882
128 0.310597 35.231479
129 0.291115 35.522594
130 0.249972 35.772566
131 0.243820 36.016386
132 0.339085 36.355471
133 0.248024 36.603495
134 0.251409 36.854904
135 0.303327 37.158231
136 0.301754 37.459985
137 0.240018 37.700003
138 0.317133 38.017136
139 0.244199 38.261335
140 0.260884 38.522219
141 0.263649 38.785868
142 0.256305 39.042173
143 0.255427 39.297600
144 0.350337 39.647937
145 0.313284 39.961221
146 0.280532 40.241753
147 0.323282 40.565035
148 0.422557 40.987592
149 0.264983 41.252575
150 0.278059 41.530634
151 0.418751 41.949385
152 0.305627 42.255012
153 0.303564 42.558576
154 0.257973 42.816549
155 0.316670 43.133219
156 0.292366 43.425585
157 0.251967 43.677552
158 0.314075 43.991627
159 0.310428 44.302055
160 0.378899 44.680954
161 0.340427 45.021381
162 0.260448 45.281829
163 0.243553 45.525382
164 0.253660 45.779042
165 0.265312 46.044354
166 0.261884 46.306238
167 0.240356 46.546594
168 0.276048 46.822642
169 0.257946 47.080588
170 0.267572 47.348160
171 0.331762 47.679922
172 0.325173 48.005095
173 0.266871 48.271966
174 0.254749 48.526715
175 0.340513 48.867228
176 0.290819 49.158047
177 0.417551 49.575598
178 0.341640 49.917238
179 0.367317 50.284555
180 0.328481 50.613036
181 0.290455 50.903491
182 0.295815 51.199306
183 0.299345 51.498651
184 0.249195 51.747846
185 0.261377 52.009223
186 0.250678 52.259901
187 0.257192 52.517093
188 0.259349 52.776442
189 0.265165 53.041607
190 0.248220 53.289827
191 0.256071 53.545898
192 0.242121 53.788019
193 0.297384 54.085403
194 0.295319 54.380722
195 0.352203 54.732925
196 0.264537 54.997462
197 0.243338 55.240800
198 0.328842 55.569642
199 0.259665 55.829307
200 0.328344 56.157651
201 0.308163 56.465814
202 0.256815 56.722629
203 0.385535 57.108164
204 0.247971 57.356135
205 0.280135 57.636270
206 0.302793 57.939063
207 0.247077 58.186140
208 0.324371 58.510511
209 0.380358 58.890869
210 0.286139 59.177008
211 0.418744 59.595752
212 0.278327 59.874079
213 0.337025 60.211104
214 0.303308 60.514412
215 0.363517 60.877929
216 0.330534 61.208463
217 0.333701 61.542164
218 0.267402 61.809566
219 0.268378 62.077944
220 0.309092 62.387036
221 0.370013 62.757049
222 0.244446 63.001495
223 0.245167 63.246662
224 0.254486 63.501148
225 0.306874 63.808022
226 0.268917 64.076939
227 0.312458 64.389397
228 0.266329 64.655726
229 0.293448 64.949174
230 0.696690 65.645864
231 0.285454 65.931318
232 0.314989 66.246307
233 0.257743 66.504050
234 0.316865 66.820915
235 0.264682 67.085597
236 0.260350 67.345947
237 0.258616 67.604563
238 0.291913 67.896476
239 0.319334 68.215810
240 0.348119 68.563929
241 0.302222 68.866151
242 0.259179 69.125330
243 0.254040 69.379370
244 0.417247 69.796617
245 0.381380 70.177997
246 0.262677 70.440674
247 0.258590 70.699264
248 0.271224 70.970488
249 0.281493 71.251981
250 0.275582 71.527563
251 0.272838 71.800401
252 0.258790 72.059191
253 0.265474 72.324665
254 0.278725 72.603390
255 0.406971 73.010361
256 0.430891 73.441252
257 0.272137 73.713389
258 0.282275 73.995664
259 0.350885 74.346549
260 0.240514 74.587063
261 0.307103 74.894166
262 0.282389 75.176555
263 0.328452 75.505007
264 0.277976 75.782983
265 0.268425 76.051408
266 0.240450 76.291858
267 0.262983 76.554841
268 0.282231 76.837072
269 0.299884 77.136956
270 0.273921 77.410877
271 0.240107 77.650984
272 0.274657 77.925641
273 0.257331 78.182972
274 0.359034 78.542006
275 0.341101 78.883107
276 0.245361 79.128468
277 0.237277 79.365745
278 0.256871 79.622616
279 0.278165 79.900781
280 0.245392 80.146173
281 0.232095 80.378268
282 0.289541 80.667809
283 0.243161 80.910970
284 0.292637 81.203607
285 0.287611 81.491218
286 0.274835 81.766053
287 0.240122 82.006175
288 0.255217 82.261392
289 0.237490 82.498882
290 0.292043 82.790925
291 0.268882 83.059807
292 0.283688 83.343495
293 0.271278 83.614773
294 0.256928 83.871701
295 0.257606 84.129307
296 0.261474 84.390781
297 0.267952 84.658733
298 0.241553 84.900286
299 0.240898 85.141184
300 0.238548 85.379732
301 0.281590 85.661322
302 0.254643 85.915965
303 0.232392 86.148357
304 0.243015 86.391372
305 0.248700 86.640072
306 0.247255 86.887327
307 0.247814 87.135141
308 0.246538 87.381679
309 0.239667 87.621346
310 0.317893 87.939239
311 0.281553 88.220792
312 0.234745 88.455537
313 0.237934 88.693471
314 0.260105 88.953576
315 0.260726 89.214302
316 0.259015 89.473317
317 0.252715 89.726032
318 0.251179 89.977211
319 0.256384 90.233595
320 0.270159 90.503754
321 0.297560 90.801314
322 0.270929 91.072243
323 0.267640 91.339883
324 0.243005 91.582888
325 0.268576 91.851464
326 0.293404 92.144868
327 0.356709 92.501577
328 0.282512 92.784089
329 0.304669 93.088758
330 0.283977 93.372735
331 0.258797 93.631532
332 0.308669 93.940201
333 0.250099 94.190300
334 0.266679 94.456979
335 0.238407 94.695386
336 0.257489 94.952875
337 0.232845 95.185720
338 0.333988 95.519708
339 0.265747 95.785455
340 0.231450 96.016905
341 0.242859 96.259764
done 341 0.082765 96.342529
