# instance assign_to_BCube_n8_k2_bw10_cpu16.pn
# Settings: Namespace(PN='../../../instances/fattree-bcube/BCube_n8_k2_bw10_cpu16.pn', VDC_LIST='../../../instances/fattree-bcube/instance_list_15vm_rnd.txt', affinity=False, affinity_soft=True, allow_virtual_switches_in_switches=True, anti_affinity=False, assert_all_physical_edges=False, binary_search=True, bitblast_addition=False, bitblast_addition_shadow=False, configured=True, conflict_limit=-1, deallocate_prob=0.0, debug=False, decide_opt_lits=True, directed_links=True, flush_pb_theory=False, force_virtual_switches=False, ignore_ram_constraints=True, ignore_storage_constraints=True, ijcai_settings=False, intrinsic_edge_constraints=False, intrinsic_edge_sets=True, logfile=None, max_cores=1, max_ram=1, max_storage=1, max_vms=15, min_cores=False, min_servers=False, opt_conflict_limit=0, opt_detect_sat=False, opt_time_limit=-1, output=None, popcount='BV', prop_assumps=True, refine_flow=True, remove_all_flow_cycles=False, remove_flow_cycles=False, remove_flow_cycles_python=False, rnd_restart=True, rnd_theory_freq=0.99, rnd_theory_order=False, separate_reach_constraints=False, static_flow_caps=True, theory_order_vsids=True, timelog='timelogs/config_results_vdcmapper_bcube8_15vm', tree_addition=True, use_cover_for_refinement=True, use_min_cost_max_flow=False, vsids_balance=1, vsids_both=True)
init 13.714312 13.714312
1 23.782787 37.497099
2 26.962947 64.460046
3 42.371420 106.831466
4 8.220094 115.051560
5 7.206289 122.257849
6 6.230403 128.488252
7 7.909115 136.397367
8 9.288906 145.686273
9 11.297173 156.983446
10 10.610923 167.594369
11 5.380366 172.974735
12 9.024435 181.999170
13 5.962945 187.962115
14 9.237364 197.199479
15 6.445819 203.645298
16 13.761455 217.406753
17 7.483144 224.889897
18 8.427410 233.317307
19 26.536176 259.853483
20 8.359284 268.212767
21 16.212951 284.425718
22 15.841489 300.267207
23 47.740985 348.008192
24 6.745035 354.753227
25 11.902520 366.655747
26 42.975892 409.631639
27 12.018495 421.650134
28 43.656395 465.306529
29 18.101279 483.407808
30 20.954082 504.361890
31 12.578046 516.939936
32 10.190782 527.130718
33 11.467238 538.597956
34 7.648718 546.246674
35 35.500692 581.747366
36 24.656820 606.404186
37 17.880244 624.284430
38 28.271137 652.555567
39 6.833558 659.389125
40 7.927015 667.316140
41 10.472703 677.788843
42 40.279627 718.068470
43 32.680732 750.749202
44 12.146401 762.895603
45 27.850399 790.746002
46 23.686906 814.432908
47 21.003452 835.436360
48 22.931196 858.367556
49 10.716764 869.084320
50 8.364892 877.449212
51 18.469809 895.919021
52 25.547964 921.466985
53 57.851211 979.318196
54 10.482520 989.800716
55 38.900378 1028.701094
56 18.370671 1047.071765
57 10.469203 1057.540968
58 51.630883 1109.171851
59 31.378214 1140.550065
60 23.199452 1163.749517
61 25.387812 1189.137329
62 84.979412 1274.116741
63 9.956459 1284.073200
64 6.712272 1290.785472
65 4.086986 1294.872458
66 30.797385 1325.669843
67 17.732349 1343.402192
68 72.135247 1415.537439
69 68.088336 1483.625775
70 24.578202 1508.203977
71 21.150461 1529.354438
72 33.277315 1562.631753
73 34.589756 1597.221509
74 83.997290 1681.218799
75 54.455943 1735.674742
76 6.058225 1741.732967
77 30.941552 1772.674519
78 28.559696 1801.234215
79 19.850899 1821.085114
80 43.896361 1864.981475
81 8.201067 1873.182542
82 13.393716 1886.576258
83 7.261763 1893.838021
84 31.763401 1925.601422
85 47.446406 1973.047828
86 40.783028 2013.830856
87 49.835749 2063.666605
88 154.231195 2217.897800
89 165.254422 2383.152222
90 75.667592 2458.819814
91 94.106052 2552.925866
92 7.585240 2560.511106
93 15.889734 2576.400840
94 44.290388 2620.691228
95 29.105993 2649.797221
96 29.129669 2678.926890
97 4.729879 2683.656769
98 3.346856 2687.003625
99 20.943082 2707.946707
100 36.928088 2744.874795
101 23.611424 2768.486219
102 296.543435 3065.029654
103 9.035395 3074.065049
104 15.862967 3089.928016
105 41.973785 3131.901801
106 66.880314 3198.782115
107 3.965482 3202.747597
108 45.471454 3248.219051
109 4.657340 3252.876391
110 17.771061 3270.647452
111 48.131492 3318.778944
112 16.726134 3335.505078
113 24.521169 3360.026247
114 10.078713 3370.104960
115 20.271475 3390.376435
116 36.413769 3426.790204
117 11.890637 3438.680841
118 9.094708 3447.775549
119 19.580505 3467.356054
120 5.298361 3472.654415
121 23.400810 3496.055225
122 42.652489 3538.707714
123 8.005503 3546.713217
124 15.993740 3562.706957
125 8.227355 3570.934312
126 3.390357 3574.324669
