# instance assign_to_Fattree_n16_k2_bw10_cpu16.pn
# Settings: Namespace(PN='../../../instances/fattree-bcube/Fattree_n16_k2_bw10_cpu16.pn', VDC_LIST='../../../instances/fattree-bcube/instance_list_9vm_rnd.txt', affinity=False, affinity_soft=True, allow_virtual_switches_in_switches=True, anti_affinity=False, assert_all_physical_edges=False, binary_search=True, bitblast_addition=False, bitblast_addition_shadow=False, configured=True, conflict_limit=-1, deallocate_prob=0.0, debug=False, decide_opt_lits=True, directed_links=True, flush_pb_theory=False, force_virtual_switches=False, ignore_ram_constraints=True, ignore_storage_constraints=True, ijcai_settings=False, intrinsic_edge_constraints=False, intrinsic_edge_sets=True, logfile=None, max_cores=1, max_ram=1, max_storage=1, max_vms=9, min_cores=False, min_servers=False, opt_conflict_limit=0, opt_detect_sat=False, opt_time_limit=-1, output=None, popcount='BV', prop_assumps=True, refine_flow=True, remove_all_flow_cycles=False, remove_flow_cycles=False, remove_flow_cycles_python=False, rnd_restart=True, rnd_theory_freq=0.99, rnd_theory_order=False, separate_reach_constraints=False, static_flow_caps=True, theory_order_vsids=True, timelog='timelogs/config_results_vdcmapper_fattree16_9vm', tree_addition=True, use_cover_for_refinement=True, use_min_cost_max_flow=False, vsids_balance=1, vsids_both=True)
init 24.238846 24.238846
1 22.687305 46.926151
2 2.575986 49.502137
3 2.595281 52.097418
4 2.285910 54.383328
5 2.753140 57.136468
6 2.302429 59.438897
7 2.643700 62.082597
8 2.846708 64.929305
9 3.235526 68.164831
10 2.724274 70.889105
11 3.258976 74.148081
12 2.845885 76.993966
13 2.897835 79.891801
14 4.003493 83.895294
15 2.742680 86.637974
16 6.529562 93.167536
17 3.478196 96.645732
18 3.379588 100.025320
19 2.859287 102.884607
20 3.267772 106.152379
21 2.865529 109.017908
22 2.825059 111.842967
23 17.709324 129.552291
24 4.614404 134.166695
25 3.783410 137.950105
26 2.972109 140.922214
27 4.303832 145.226046
28 3.290946 148.516992
29 6.488647 155.005639
30 5.112582 160.118221
31 14.694339 174.812560
32 6.303173 181.115733
33 3.095176 184.210909
34 3.051861 187.262770
35 2.894675 190.157445
36 4.350607 194.508052
37 6.558351 201.066403
38 4.263953 205.330356
39 3.893217 209.223573
40 6.793274 216.016847
41 4.676945 220.693792
42 6.068877 226.762669
43 6.925825 233.688494
44 4.295430 237.983924
45 5.339880 243.323804
46 3.902029 247.225833
47 7.637584 254.863417
48 4.717762 259.581179
49 3.218667 262.799846
50 3.667523 266.467369
51 5.223877 271.691246
52 6.532007 278.223253
53 14.600552 292.823805
54 9.449988 302.273793
55 14.010535 316.284328
56 6.739530 323.023858
57 6.163211 329.187069
58 4.412126 333.599195
59 17.700584 351.299779
60 4.234320 355.534099
61 6.401022 361.935121
62 11.995871 373.930992
63 4.216271 378.147263
64 4.204614 382.351877
65 3.291600 385.643477
66 5.389158 391.032635
67 4.391778 395.424413
68 5.012402 400.436815
69 4.287105 404.723920
70 3.832895 408.556815
71 4.884354 413.441169
72 3.735412 417.176581
73 4.310127 421.486708
74 5.672320 427.159028
75 3.535730 430.694758
76 4.003826 434.698584
77 6.419809 441.118393
78 3.912431 445.030824
79 4.923204 449.954028
80 4.593189 454.547217
81 4.603844 459.151061
82 7.616026 466.767087
83 6.116034 472.883121
84 8.301214 481.184335
85 5.768726 486.953061
86 6.891916 493.844977
87 30.735650 524.580627
88 3.237164 527.817791
89 8.026307 535.844098
90 7.836185 543.680283
91 9.084490 552.764773
92 4.165760 556.930533
93 5.677707 562.608240
94 8.780590 571.388830
95 4.151621 575.540451
96 8.138523 583.678974
97 3.911029 587.590003
98 9.196752 596.786755
99 3.869347 600.656102
100 3.210383 603.866485
101 3.270906 607.137391
102 3.809906 610.947297
103 4.061584 615.008881
104 3.391886 618.400767
105 4.065170 622.465937
106 5.107228 627.573165
107 3.303235 630.876400
108 4.487607 635.364007
109 8.495754 643.859761
110 3.549137 647.408898
111 3.834034 651.242932
112 8.697703 659.940635
113 7.921113 667.861748
114 11.672801 679.534549
115 5.566963 685.101512
116 6.761035 691.862547
117 4.746366 696.608913
118 4.198998 700.807911
119 5.349518 706.157429
120 9.675421 715.832850
121 3.719103 719.551953
122 3.480949 723.032902
123 4.473048 727.505950
124 5.263502 732.769452
125 6.493890 739.263342
126 7.497698 746.761040
127 5.936655 752.697695
128 4.906526 757.604221
129 6.877155 764.481376
130 13.134804 777.616180
131 3.244729 780.860909
132 5.828174 786.689083
133 6.717157 793.406240
134 14.614751 808.020991
135 3.990545 812.011536
136 6.970633 818.982169
137 8.146098 827.128267
138 5.114940 832.243207
139 3.692067 835.935274
140 3.198345 839.133619
141 3.207741 842.341360
142 8.145103 850.486463
143 5.089579 855.576042
144 6.267702 861.843744
145 7.605402 869.449146
146 4.734114 874.183260
147 3.087918 877.271178
148 4.393065 881.664243
149 4.227961 885.892204
150 3.631223 889.523427
151 7.233281 896.756708
152 5.417174 902.173882
153 5.151347 907.325229
154 4.140731 911.465960
155 5.845511 917.311471
156 4.295382 921.606853
157 3.913190 925.520043
158 7.025651 932.545694
159 6.417816 938.963510
160 5.317787 944.281297
161 6.748796 951.030093
162 8.575442 959.605535
163 8.513475 968.119010
164 3.903411 972.022421
165 5.112183 977.134604
166 5.309431 982.444035
167 14.199878 996.643913
168 12.354634 1008.998547
169 10.499872 1019.498419
170 23.586567 1043.084986
171 7.263993 1050.348979
172 3.934181 1054.283160
173 16.861768 1071.144928
174 4.329566 1075.474494
175 21.700041 1097.174535
176 5.784691 1102.959226
177 31.963187 1134.922413
178 7.275036 1142.197449
179 7.817451 1150.014900
180 5.120590 1155.135490
181 6.297007 1161.432497
182 5.127410 1166.559907
183 6.694694 1173.254601
184 7.197581 1180.452182
185 49.866385 1230.318567
186 16.629251 1246.947818
187 5.523474 1252.471292
188 12.966072 1265.437364
189 6.255038 1271.692402
190 9.675795 1281.368197
191 8.596433 1289.964630
192 3.800821 1293.765451
193 5.467498 1299.232949
194 4.546042 1303.778991
195 8.082694 1311.861685
196 5.468587 1317.330272
197 3.818716 1321.148988
198 19.076941 1340.225929
199 5.436543 1345.662472
200 4.014533 1349.677005
201 3.502669 1353.179674
202 6.577622 1359.757296
203 15.290529 1375.047825
204 5.142110 1380.189935
205 16.534850 1396.724785
206 16.692657 1413.417442
207 10.278383 1423.695825
208 12.678547 1436.374372
209 7.970806 1444.345178
210 7.059230 1451.404408
211 8.798952 1460.203360
212 7.912771 1468.116131
213 4.369643 1472.485774
214 6.432899 1478.918673
215 4.180311 1483.098984
216 6.608565 1489.707549
217 9.459364 1499.166913
218 8.545919 1507.712832
219 8.637969 1516.350801
220 5.602319 1521.953120
221 41.394718 1563.347838
222 5.856447 1569.204285
223 13.390077 1582.594362
224 6.854418 1589.448780
225 43.831063 1633.279843
226 22.760706 1656.040549
227 20.764718 1676.805267
228 4.362837 1681.168104
229 3.874963 1685.043067
230 6.412181 1691.455248
231 12.169929 1703.625177
232 7.482789 1711.107966
233 7.039117 1718.147083
234 16.204283 1734.351366
235 15.237371 1749.588737
236 4.531422 1754.120159
237 5.395450 1759.515609
238 9.468235 1768.983844
239 3.370389 1772.354233
240 5.896775 1778.251008
241 10.702764 1788.953772
242 6.094341 1795.048113
243 6.446140 1801.494253
244 5.209676 1806.703929
245 13.422019 1820.125948
246 4.117706 1824.243654
247 4.824518 1829.068172
248 6.603803 1835.671975
249 18.023616 1853.695591
250 9.400570 1863.096161
251 12.556176 1875.652337
252 9.935542 1885.587879
253 9.571316 1895.159195
254 8.115608 1903.274803
255 7.086498 1910.361301
256 5.140517 1915.501818
257 6.704019 1922.205837
258 4.858012 1927.063849
259 5.825981 1932.889830
260 14.363794 1947.253624
261 4.034593 1951.288217
262 8.999681 1960.287898
263 5.376365 1965.664263
264 9.801829 1975.466092
265 9.655528 1985.121620
266 7.923306 1993.044926
267 7.586332 2000.631258
268 19.683451 2020.314709
269 17.733602 2038.048311
270 6.073473 2044.121784
271 6.161825 2050.283609
272 4.850975 2055.134584
273 14.309821 2069.444405
274 4.461492 2073.905897
275 5.855359 2079.761256
276 4.552273 2084.313529
277 5.168841 2089.482370
278 5.654974 2095.137344
279 30.351151 2125.488495
280 8.714063 2134.202558
281 5.868317 2140.070875
282 3.485629 2143.556504
283 6.304680 2149.861184
284 4.479751 2154.340935
285 8.251535 2162.592470
286 10.865202 2173.457672
287 3.817186 2177.274858
288 3.859718 2181.134576
289 4.545841 2185.680417
290 11.846978 2197.527395
291 5.472554 2202.999949
292 12.671788 2215.671737
293 15.340194 2231.011931
294 12.772476 2243.784407
295 6.675306 2250.459713
296 4.241994 2254.701707
297 6.014437 2260.716144
298 7.712133 2268.428277
299 7.596794 2276.025071
300 10.069278 2286.094349
301 4.577155 2290.671504
302 5.063934 2295.735438
303 9.923407 2305.658845
304 14.727797 2320.386642
305 9.192160 2329.578802
306 9.625628 2339.204430
307 10.280375 2349.484805
308 8.476182 2357.960987
309 9.559076 2367.520063
310 9.254812 2376.774875
311 4.445468 2381.220343
312 6.137091 2387.357434
313 7.033936 2394.391370
314 5.031174 2399.422544
315 8.942648 2408.365192
316 11.076047 2419.441239
317 11.202046 2430.643285
318 6.685301 2437.328586
319 7.611355 2444.939941
320 4.018823 2448.958764
321 5.049630 2454.008394
322 4.973320 2458.981714
323 22.581602 2481.563316
324 9.676393 2491.239709
325 5.314935 2496.554644
326 3.377582 2499.932226
327 6.451182 2506.383408
328 15.705460 2522.088868
329 15.099552 2537.188420
330 9.298838 2546.487258
331 17.666847 2564.154105
332 5.967808 2570.121913
333 9.020728 2579.142641
334 6.912232 2586.054873
335 7.976528 2594.031401
336 4.752315 2598.783716
337 62.231391 2661.015107
338 5.095793 2666.110900
339 14.759049 2680.869949
340 9.760293 2690.630242
341 7.586375 2698.216617
342 6.023558 2704.240175
343 5.122428 2709.362603
344 6.866314 2716.228917
345 15.048705 2731.277622
346 4.466763 2735.744385
347 7.865909 2743.610294
348 12.245034 2755.855328
349 6.201170 2762.056498
350 20.837846 2782.894344
351 4.524434 2787.418778
352 5.776988 2793.195766
353 6.181281 2799.377047
354 3.496720 2802.873767
355 18.046048 2820.919815
356 11.158268 2832.078083
357 8.335558 2840.413641
358 5.222173 2845.635814
359 7.563946 2853.199760
360 4.363134 2857.562894
361 10.441232 2868.004126
362 3.144672 2871.148798
363 5.159063 2876.307861
364 3.482712 2879.790573
365 5.630649 2885.421222
366 4.533785 2889.955007
367 9.880602 2899.835609
368 4.381688 2904.217297
369 3.789425 2908.006722
370 4.640649 2912.647371
371 4.352321 2916.999692
372 3.992901 2920.992593
373 5.507873 2926.500466
374 7.155891 2933.656357
375 4.605999 2938.262356
376 6.486800 2944.749156
377 3.795216 2948.544372
378 4.768128 2953.312500
379 4.186743 2957.499243
380 8.725745 2966.224988
381 7.872131 2974.097119
382 4.709407 2978.806526
383 6.674045 2985.480571
384 11.273931 2996.754502
385 7.264114 3004.018616
386 3.575483 3007.594099
387 4.590960 3012.185059
388 3.673279 3015.858338
389 4.469778 3020.328116
390 7.925041 3028.253157
391 5.547714 3033.800871
392 13.302157 3047.103028
393 7.695700 3054.798728
394 4.981472 3059.780200
395 21.978726 3081.758926
396 6.931261 3088.690187
397 9.454307 3098.144494
398 5.921361 3104.065855
399 7.344945 3111.410800
400 12.274677 3123.685477
401 19.070473 3142.755950
402 3.974230 3146.730180
403 3.711671 3150.441851
404 3.986100 3154.427951
405 8.631576 3163.059527
406 13.354902 3176.414429
407 4.911864 3181.326293
408 9.375163 3190.701456
409 4.775934 3195.477390
410 7.506820 3202.984210
411 4.567820 3207.552030
412 3.538360 3211.090390
413 3.709271 3214.799661
414 9.708566 3224.508227
415 12.269282 3236.777509
416 13.830436 3250.607945
417 5.635336 3256.243281
418 9.876508 3266.119789
419 4.320114 3270.439903
420 7.326313 3277.766216
421 6.894034 3284.660250
422 15.619742 3300.279992
423 4.006900 3304.286892
424 8.313105 3312.599997
425 9.880145 3322.480142
426 5.009883 3327.490025
427 4.165080 3331.655105
428 16.739279 3348.394384
429 5.289004 3353.683388
430 5.438212 3359.121600
431 7.279675 3366.401275
432 4.910279 3371.311554
433 7.199981 3378.511535
434 6.305032 3384.816567
435 4.869952 3389.686519
436 9.145770 3398.832289
437 9.451985 3408.284274
438 6.549358 3414.833632
439 6.149145 3420.982777
440 9.746401 3430.729178
441 7.126904 3437.856082
442 5.699079 3443.555161
443 5.216030 3448.771191
444 8.332978 3457.104169
445 4.737802 3461.841971
446 5.521066 3467.363037
447 8.549737 3475.912774
448 9.824793 3485.737567
449 11.001339 3496.738906
450 8.268538 3505.007444
451 5.198917 3510.206361
452 5.288594 3515.494955
453 5.765089 3521.260044
454 4.119012 3525.379056
455 17.664646 3543.043702
456 6.148862 3549.192564
457 6.249267 3555.441831
458 5.275965 3560.717796
459 33.249783 3593.967579
460 3.102346 3597.069925
