# instance assign_to_Fattree_n16_k2_bw10_cpu16.pn
# Settings: Namespace(PN='../../../instances/fattree-bcube/Fattree_n16_k2_bw10_cpu16.pn', VDC_LIST='../../../instances/fattree-bcube/instance_list_12vm_rnd.txt', affinity=False, affinity_soft=True, allow_virtual_switches_in_switches=True, anti_affinity=False, assert_all_physical_edges=False, binary_search=True, bitblast_addition=False, bitblast_addition_shadow=False, configured=True, conflict_limit=-1, deallocate_prob=0.0, debug=False, decide_opt_lits=True, directed_links=True, flush_pb_theory=False, force_virtual_switches=False, ignore_ram_constraints=True, ignore_storage_constraints=True, ijcai_settings=False, intrinsic_edge_constraints=False, intrinsic_edge_sets=True, logfile=None, max_cores=1, max_ram=1, max_storage=1, max_vms=12, min_cores=False, min_servers=False, opt_conflict_limit=0, opt_detect_sat=False, opt_time_limit=-1, output=None, popcount='BV', prop_assumps=True, refine_flow=True, remove_all_flow_cycles=False, remove_flow_cycles=False, remove_flow_cycles_python=False, rnd_restart=True, rnd_theory_freq=0.99, rnd_theory_order=False, separate_reach_constraints=False, static_flow_caps=True, theory_order_vsids=True, timelog='timelogs/config_results_vdcmapper_fattree16_12vm', tree_addition=True, use_cover_for_refinement=True, use_min_cost_max_flow=False, vsids_balance=1, vsids_both=True)
init 22.950221 22.950221
1 31.636780 54.587001
2 3.206015 57.793016
3 3.645300 61.438316
4 8.098439 69.536755
5 3.973958 73.510713
6 3.767727 77.278440
7 3.433764 80.712204
8 3.395955 84.108159
9 3.617892 87.726051
10 3.752679 91.478730
11 3.527075 95.005805
12 6.403682 101.409487
13 3.978589 105.388076
14 4.923799 110.311875
15 3.814623 114.126498
16 5.283853 119.410351
17 4.709868 124.120219
18 3.844128 127.964347
19 5.940858 133.905205
20 3.706722 137.611927
21 4.505331 142.117258
22 6.307817 148.425075
23 6.190535 154.615610
24 4.732433 159.348043
25 7.805672 167.153715
26 5.257829 172.411544
27 9.072376 181.483920
28 8.177223 189.661143
29 10.246824 199.907967
30 12.245606 212.153573
31 18.931456 231.085029
32 9.142642 240.227671
33 6.965907 247.193578
34 11.973857 259.167435
35 7.383946 266.551381
36 12.174944 278.726325
37 14.861299 293.587624
38 5.635509 299.223133
39 9.547756 308.770889
40 13.795653 322.566542
41 11.513538 334.080080
42 6.871411 340.951491
43 7.158187 348.109678
44 7.895566 356.005244
45 18.254925 374.260169
46 36.531064 410.791233
47 15.155762 425.946995
48 15.664175 441.611170
49 13.835728 455.446898
50 9.420298 464.867196
51 19.506907 484.374103
52 9.310342 493.684445
53 25.886678 519.571123
54 15.002870 534.573993
55 17.638776 552.212769
56 21.395433 573.608202
57 26.322712 599.930914
58 11.968239 611.899153
59 6.966761 618.865914
60 26.444413 645.310327
61 10.069563 655.379890
62 12.251735 667.631625
63 14.052499 681.684124
64 9.307067 690.991191
65 21.100015 712.091206
66 11.207141 723.298347
67 13.021202 736.319549
68 17.752772 754.072321
69 11.930334 766.002655
70 22.819808 788.822463
71 18.657862 807.480325
72 15.047416 822.527741
73 13.589675 836.117416
74 11.943590 848.061006
75 8.825874 856.886880
76 22.494420 879.381300
77 24.825042 904.206342
78 7.720252 911.926594
79 26.007349 937.933943
80 9.281719 947.215662
81 9.228320 956.443982
82 5.243122 961.687104
83 7.243823 968.930927
84 18.081184 987.012111
85 9.120740 996.132851
86 31.369370 1027.502221
87 7.218082 1034.720303
88 21.203572 1055.923875
89 8.543000 1064.466875
90 10.309653 1074.776528
91 32.925951 1107.702479
92 11.572737 1119.275216
93 12.786220 1132.061436
94 5.904805 1137.966241
95 19.903953 1157.870194
96 13.613155 1171.483349
97 40.474109 1211.957458
98 22.605990 1234.563448
99 41.147986 1275.711434
100 8.011251 1283.722685
101 9.994640 1293.717325
102 13.149115 1306.866440
103 11.714889 1318.581329
104 13.370872 1331.952201
105 11.652661 1343.604862
106 30.440607 1374.045469
107 10.683783 1384.729252
108 19.640071 1404.369323
109 6.270768 1410.640091
110 16.471671 1427.111762
111 7.834256 1434.946018
112 11.360518 1446.306536
113 21.873047 1468.179583
114 10.758749 1478.938332
115 5.022551 1483.960883
116 5.696185 1489.657068
117 9.088431 1498.745499
118 20.667688 1519.413187
119 6.988199 1526.401386
120 25.414622 1551.816008
121 10.584039 1562.400047
122 7.385377 1569.785424
123 10.249738 1580.035162
124 19.189728 1599.224890
125 9.640812 1608.865702
126 9.991769 1618.857471
127 14.856905 1633.714376
128 33.857917 1667.572293
129 5.224183 1672.796476
130 6.704803 1679.501279
131 24.033177 1703.534456
132 20.026485 1723.560941
133 11.552673 1735.113614
134 19.276488 1754.390102
135 17.232698 1771.622800
136 19.533197 1791.155997
137 17.934640 1809.090637
138 11.098216 1820.188853
139 9.516773 1829.705626
140 8.195682 1837.901308
141 8.008763 1845.910071
142 11.891956 1857.802027
143 7.968823 1865.770850
144 14.350685 1880.121535
145 31.491760 1911.613295
146 20.074015 1931.687310
147 35.361439 1967.048749
148 37.046482 2004.095231
149 7.791024 2011.886255
150 19.743079 2031.629334
151 37.379767 2069.009101
152 27.688528 2096.697629
153 8.294795 2104.992424
154 11.818652 2116.811076
155 9.934790 2126.745866
156 21.487411 2148.233277
157 8.464889 2156.698166
158 5.518140 2162.216306
159 9.091778 2171.308084
160 35.422237 2206.730321
161 21.436958 2228.167279
162 17.469602 2245.636881
163 10.536812 2256.173693
164 13.023382 2269.197075
165 10.737719 2279.934794
166 9.836643 2289.771437
167 10.274900 2300.046337
168 37.428407 2337.474744
169 8.020346 2345.495090
170 13.135793 2358.630883
171 20.586838 2379.217721
172 15.305395 2394.523116
173 10.677610 2405.200726
174 29.671676 2434.872402
175 20.892902 2455.765304
176 35.920194 2491.685498
177 8.315202 2500.000700
178 10.765764 2510.766464
179 11.320079 2522.086543
180 9.591608 2531.678151
181 22.964758 2554.642909
182 9.792019 2564.434928
183 9.580367 2574.015295
184 13.452946 2587.468241
185 9.996861 2597.465102
186 13.788386 2611.253488
187 14.854402 2626.107890
188 9.742265 2635.850155
189 12.838678 2648.688833
190 13.566441 2662.255274
191 71.854130 2734.109404
192 21.312507 2755.421911
193 40.023243 2795.445154
194 7.413844 2802.858998
195 43.111137 2845.970135
196 7.649769 2853.619904
197 15.616454 2869.236358
198 41.143326 2910.379684
199 38.202248 2948.581932
200 9.913148 2958.495080
201 9.394843 2967.889923
202 9.766541 2977.656464
203 38.214642 3015.871106
204 17.682297 3033.553403
205 10.705229 3044.258632
206 60.097915 3104.356547
207 17.396192 3121.752739
208 17.121995 3138.874734
209 42.645138 3181.519872
210 11.089895 3192.609767
211 21.416438 3214.026205
212 30.409681 3244.435886
213 29.596882 3274.032768
214 18.569241 3292.602009
215 21.361003 3313.963012
216 14.873253 3328.836265
217 14.879732 3343.715997
218 6.610870 3350.326867
219 8.847203 3359.174070
220 74.652970 3433.827040
221 6.216488 3440.043528
222 26.106351 3466.149879
223 8.189357 3474.339236
224 14.549414 3488.888650
225 18.249543 3507.138193
226 21.240898 3528.379091
227 12.579360 3540.958451
228 28.582101 3569.540552
