# instance assign_to_BCube_n12_k2_bw10_cpu16.pn
# Settings: Namespace(PN='../../../instances/fattree-bcube/BCube_n12_k2_bw10_cpu16.pn', VDC_LIST='../../../instances/fattree-bcube/instance_list_6vm_rnd.txt', affinity=False, affinity_soft=True, allow_virtual_switches_in_switches=True, anti_affinity=False, assert_all_physical_edges=False, binary_search=True, bitblast_addition=False, bitblast_addition_shadow=False, configured=True, conflict_limit=-1, deallocate_prob=0.0, debug=False, decide_opt_lits=True, directed_links=True, flush_pb_theory=False, force_virtual_switches=False, ignore_ram_constraints=True, ignore_storage_constraints=True, ijcai_settings=False, intrinsic_edge_constraints=False, intrinsic_edge_sets=True, logfile=None, max_cores=1, max_ram=1, max_storage=1, max_vms=6, min_cores=False, min_servers=False, opt_conflict_limit=0, opt_detect_sat=False, opt_time_limit=-1, output=None, popcount='BV', prop_assumps=True, refine_flow=True, remove_all_flow_cycles=False, remove_flow_cycles=False, remove_flow_cycles_python=False, rnd_restart=True, rnd_theory_freq=0.99, rnd_theory_order=False, separate_reach_constraints=False, static_flow_caps=True, theory_order_vsids=True, timelog='timelogs/config_results_vdcmapper_bcube12_6vm', tree_addition=True, use_cover_for_refinement=True, use_min_cost_max_flow=False, vsids_balance=1, vsids_both=True)
init 23.739051 23.739051
1 22.052629 45.791680
2 2.804432 48.596112
3 2.749747 51.345859
4 2.733270 54.079129
5 5.146853 59.225982
6 3.074069 62.300051
7 3.150313 65.450364
8 2.565536 68.015900
9 2.552685 70.568585
10 2.567993 73.136578
11 2.800889 75.937467
12 2.806125 78.743592
13 2.589021 81.332613
14 2.809384 84.141997
15 3.024340 87.166337
16 2.855709 90.022046
17 2.932069 92.954115
18 2.717608 95.671723
19 2.727904 98.399627
20 2.749321 101.148948
21 2.973615 104.122563
22 3.229625 107.352188
23 3.196637 110.548825
24 3.076433 113.625258
25 2.882882 116.508140
26 2.842687 119.350827
27 2.841224 122.192051
28 2.845817 125.037868
29 2.837050 127.874918
30 2.981746 130.856664
31 3.408494 134.265158
32 3.350715 137.615873
33 2.927538 140.543411
34 3.457918 144.001329
35 3.530452 147.531781
36 3.017126 150.548907
37 3.402121 153.951028
38 3.425658 157.376686
39 3.095681 160.472367
40 3.498463 163.970830
41 3.385863 167.356693
42 3.073094 170.429787
43 3.388305 173.818092
44 3.417748 177.235840
45 3.076033 180.311873
46 3.095747 183.407620
47 3.418689 186.826309
48 3.090430 189.916739
49 3.505693 193.422432
50 3.425085 196.847517
51 3.741832 200.589349
52 3.646657 204.236006
53 3.150828 207.386834
54 3.465625 210.852459
55 3.136690 213.989149
56 4.214929 218.204078
57 3.604641 221.808719
58 3.182593 224.991312
59 3.203733 228.195045
60 3.991573 232.186618
61 3.197569 235.384187
62 3.193878 238.578065
63 3.450882 242.028947
64 3.483650 245.512597
65 3.239323 248.751920
66 3.924862 252.676782
67 3.216322 255.893104
68 3.966872 259.859976
69 3.587332 263.447308
70 3.679241 267.126549
71 3.771119 270.897668
72 3.870437 274.768105
73 3.634251 278.402356
74 3.297961 281.700317
75 3.751979 285.452296
76 3.692107 289.144403
77 3.544371 292.688774
78 3.875504 296.564278
79 3.652444 300.216722
80 3.577143 303.793865
81 3.411602 307.205467
82 3.312968 310.518435
83 4.053595 314.572030
84 4.323159 318.895189
85 3.588858 322.484047
86 3.840407 326.324454
87 4.512596 330.837050
88 3.341188 334.178238
89 3.514897 337.693135
90 3.770441 341.463576
91 4.736351 346.199927
92 3.895366 350.095293
93 5.585959 355.681252
94 5.438444 361.119696
95 3.904185 365.023881
96 4.118494 369.142375
97 4.127312 373.269687
98 3.471962 376.741649
99 3.593331 380.334980
100 3.817147 384.152127
101 3.526521 387.678648
102 3.448659 391.127307
103 4.923429 396.050736
104 3.864363 399.915099
105 3.530075 403.445174
106 3.920021 407.365195
107 3.714500 411.079695
108 4.029710 415.109405
109 3.568476 418.677881
110 3.478638 422.156519
111 3.514048 425.670567
112 3.961610 429.632177
113 4.461989 434.094166
114 5.758234 439.852400
115 8.021409 447.873809
116 3.653763 451.527572
117 3.894705 455.422277
118 3.633016 459.055293
119 4.842117 463.897410
120 4.115153 468.012563
121 4.215128 472.227691
122 4.455351 476.683042
123 3.687870 480.370912
124 3.564552 483.935464
125 3.621101 487.556565
126 5.665621 493.222186
127 6.647531 499.869717
128 4.835974 504.705691
129 5.163182 509.868873
130 4.697179 514.566052
131 4.754457 519.320509
132 5.691930 525.012439
133 7.448010 532.460449
134 4.805460 537.265909
135 4.354824 541.620733
136 7.043750 548.664483
137 7.080114 555.744597
138 4.563239 560.307836
139 3.910307 564.218143
140 4.223408 568.441551
141 5.440365 573.881916
142 7.182175 581.064091
143 3.925499 584.989590
144 6.835063 591.824653
145 4.166374 595.991027
146 10.773007 606.764034
147 4.531444 611.295478
148 6.628345 617.923823
149 6.094523 624.018346
150 5.221598 629.239944
151 8.653100 637.893044
152 15.765407 653.658451
153 13.096913 666.755364
154 4.442478 671.197842
155 20.173950 691.371792
156 46.720794 738.092586
157 70.348189 808.440775
158 10.850919 819.291694
159 10.429975 829.721669
160 46.396366 876.118035
161 30.360057 906.478092
162 19.966949 926.445041
163 3.960754 930.405795
164 3.911203 934.316998
165 4.218210 938.535208
166 8.268462 946.803670
167 12.894684 959.698354
168 85.251489 1044.949843
169 21.298019 1066.247862
170 54.428088 1120.675950
171 125.315422 1245.991372
172 11.526550 1257.517922
173 10.413826 1267.931748
174 9.438876 1277.370624
175 52.882290 1330.252914
176 78.014649 1408.267563
177 16.768363 1425.035926
178 11.931904 1436.967830
179 29.073891 1466.041721
180 195.804965 1661.846686
181 8.403054 1670.249740
182 335.256007 2005.505747
183 12.838450 2018.344197
184 30.138549 2048.482746
185 38.619292 2087.102038
186 173.944671 2261.046709
187 211.745300 2472.792009
188 171.930932 2644.722941
189 18.396379 2663.119320
190 469.310099 3132.429419
191 70.301498 3202.730917
192 18.469634 3221.200551
193 217.331274 3438.531825
