# instance assign_to_us-west2.pn
# Settings: Namespace(PN='../../../instances/hadoop/hadoop_extensions/us-west2.pn', VDC='../../../instances/hadoop/hadoop_extensions/hadoop_4_1bw.vn', affinity=False, affinity_soft=False, allow_virtual_switches_in_switches=False, anti_affinity=False, assert_all_physical_edges=True, binary_search=True, bitblast_addition=False, bitblast_addition_shadow=False, bvwidth=1, configured=False, conflict_limit=0, debug=False, decide_opt_lits=True, directed_links=False, flush_pb_theory=False, force_virtual_switches=False, ignore_ram_constraints=False, ignore_storage_constraints=False, ijcai_settings=False, intrinsic_edge_constraints=False, intrinsic_edge_sets=True, large_res_opt=True, logfile=None, max_cores=8, max_ram=16, max_resource=None, max_storage=1, max_vms=4, min_cores=True, min_servers=False, monosat_defaults=False, opt_conflict_limit=0, opt_detect_sat=False, opt_time_limit=-1, output=None, popcount='BV', prop_assumps=False, refine_flow=True, remove_all_flow_cycles=False, remove_flow_cycles=False, remove_flow_cycles_python=False, repeat=True, rnd_restart=True, rnd_theory_freq=0.99, rnd_theory_order=False, separate_reach_constraints=False, static_flow_caps=True, theory_order_vsids=True, timelog='./timelogs/mincores/config_results_hadoop_us-west2_4vm_1bw', tree_addition=True, use_cover_for_refinement=True, use_min_cost_max_flow=False, vsids_balance=1, vsids_both=True)
init 2.092457 2.092457
1 2.205536 4.297993
2 1.771099 6.069092
3 2.399001 8.468093
4 2.976039 11.444132
5 3.339559 14.783691
6 3.812125 18.595816
7 4.398060 22.993876
8 4.980484 27.974360
9 5.340822 33.315182
10 6.070860 39.386042
11 6.655718 46.041760
12 6.985142 53.026902
13 7.623717 60.650619
14 8.243714 68.894333
15 8.538563 77.432896
16 9.277184 86.710080
17 9.700706 96.410786
18 10.165993 106.576779
19 10.833164 117.409943
20 11.265403 128.675346
21 11.840203 140.515549
22 12.199296 152.714845
23 12.911447 165.626292
24 13.308983 178.935275
25 13.819889 192.755164
26 14.400455 207.155619
27 14.959754 222.115373
28 15.501866 237.617239
29 16.099482 253.716721
30 16.818055 270.534776
31 17.169047 287.703823
32 17.916397 305.620220
33 18.246841 323.867061
34 18.855164 342.722225
35 19.446168 362.168393
36 19.934899 382.103292
37 20.498737 402.602029
38 21.045862 423.647891
39 21.565591 445.213482
40 22.285643 467.499125
41 22.813672 490.312797
42 23.523589 513.836386
43 24.010513 537.846899
44 24.530049 562.376948
45 25.014719 587.391667
46 25.681820 613.073487
47 26.248906 639.322393
48 26.971444 666.293837
49 27.342723 693.636560
50 27.920772 721.557332
51 28.539550 750.096882
52 29.200905 779.297787
53 29.671941 808.969728
54 30.321331 839.291059
55 30.851323 870.142382
56 31.470828 901.613210
57 31.952478 933.565688
58 32.603227 966.168915
59 33.234628 999.403543
60 34.400524 1033.804067
61 34.448837 1068.252904
62 35.101627 1103.354531
63 35.578629 1138.933160
64 36.389422 1175.322582
65 37.019455 1212.342037
66 37.392930 1249.734967
67 38.154762 1287.889729
68 38.663939 1326.553668
69 39.228088 1365.781756
70 39.930804 1405.712560
71 40.034173 1445.746733
72 40.674176 1486.420909
73 41.348398 1527.769307
74 42.011559 1569.780866
75 42.562047 1612.342913
76 43.181192 1655.524105
77 43.928950 1699.453055
78 44.286052 1743.739107
79 45.131023 1788.870130
80 45.709511 1834.579641
81 46.282064 1880.861705
82 47.083195 1927.944900
83 47.493311 1975.438211
84 48.105904 2023.544115
85 48.797397 2072.341512
86 50.052490 2122.394002
87 49.937730 2172.331732
88 50.717115 2223.048847
89 51.514594 2274.563441
90 51.865071 2326.428512
91 52.529132 2378.957644
92 53.242510 2432.200154
93 53.718374 2485.918528
94 54.608984 2540.527512
95 55.235803 2595.763315
96 55.786682 2651.549997
97 56.518485 2708.068482
98 57.226681 2765.295163
99 57.887679 2823.182842
100 58.456228 2881.639070
101 59.261233 2940.900303
102 59.845617 3000.745920
103 60.548950 3061.294870
104 61.199764 3122.494634
105 61.787773 3184.282407
106 62.494983 3246.777390
107 63.016751 3309.794141
108 63.758484 3373.552625
109 64.193480 3437.746105
110 65.189221 3502.935326
111 65.980116 3568.915442
