# instance assign_to_us-west2.pn
# Settings: Namespace(PN='../../../instances/hadoop/hadoop_extensions/us-west2.pn', VDC='../../../instances/hadoop/hadoop_extensions/hadoop_4_2bw.vn', affinity=False, affinity_soft=False, allow_virtual_switches_in_switches=False, anti_affinity=False, assert_all_physical_edges=True, binary_search=True, bitblast_addition=False, bitblast_addition_shadow=False, bvwidth=1, configured=False, conflict_limit=0, debug=False, decide_opt_lits=True, directed_links=False, flush_pb_theory=False, force_virtual_switches=False, ignore_ram_constraints=False, ignore_storage_constraints=False, ijcai_settings=False, intrinsic_edge_constraints=False, intrinsic_edge_sets=True, large_res_opt=True, logfile=None, max_cores=8, max_ram=16, max_resource=None, max_storage=1, max_vms=4, min_cores=True, min_servers=False, monosat_defaults=False, opt_conflict_limit=0, opt_detect_sat=False, opt_time_limit=-1, output=None, popcount='BV', prop_assumps=False, refine_flow=True, remove_all_flow_cycles=False, remove_flow_cycles=False, remove_flow_cycles_python=False, repeat=True, rnd_restart=True, rnd_theory_freq=0.99, rnd_theory_order=False, separate_reach_constraints=False, static_flow_caps=True, theory_order_vsids=True, timelog='./timelogs/mincores/config_results_hadoop_us-west2_4vm_2bw', tree_addition=True, use_cover_for_refinement=True, use_min_cost_max_flow=False, vsids_balance=1, vsids_both=True)
init 2.151076 2.151076
1 2.221566 4.372642
2 1.781637 6.154279
3 2.493502 8.647781
4 2.859609 11.507390
5 3.359386 14.866776
6 4.033428 18.900204
7 4.360631 23.260835
8 4.938042 28.198877
9 5.600744 33.799621
10 5.908338 39.707959
11 6.505546 46.213505
12 7.011171 53.224676
13 7.490256 60.714932
14 8.205638 68.920570
15 8.564653 77.485223
16 9.116375 86.601598
17 9.659332 96.260930
18 10.448689 106.709619
19 10.646932 117.356551
20 11.242962 128.599513
21 11.809311 140.408824
22 12.474406 152.883230
23 12.876992 165.760222
24 13.283105 179.043327
25 13.854983 192.898310
26 14.439330 207.337640
27 15.014458 222.352098
28 15.766268 238.118366
29 16.202311 254.320677
30 16.771990 271.092667
31 17.183704 288.276371
32 17.936434 306.212805
33 18.335222 324.548027
34 18.798230 343.346257
35 19.460118 362.806375
36 19.968927 382.775302
37 20.493537 403.268839
38 21.074727 424.343566
39 21.614634 445.958200
40 22.167195 468.125395
41 22.810026 490.935421
42 23.566555 514.501976
43 23.931255 538.433231
44 24.451635 562.884866
45 25.193718 588.078584
46 25.730755 613.809339
47 26.567428 640.376767
48 26.949923 667.326690
49 27.350033 694.676723
50 27.901970 722.578693
51 28.533055 751.111748
52 29.309065 780.420813
53 29.716824 810.137637
54 30.307200 840.444837
55 30.974949 871.419786
56 31.705896 903.125682
57 32.073889 935.199571
58 32.691587 967.891158
59 33.418353 1001.309511
60 34.194529 1035.504040
61 34.612284 1070.116324
62 35.276135 1105.392459
63 35.845642 1141.238101
64 36.439281 1177.677382
65 36.988246 1214.665628
66 37.522463 1252.188091
67 38.141086 1290.329177
68 38.962420 1329.291597
69 39.521007 1368.812604
70 40.027612 1408.840216
71 40.023356 1448.863572
72 40.956977 1489.820549
73 41.487965 1531.308514
74 42.107518 1573.416032
75 42.901885 1616.317917
76 43.691530 1660.009447
77 43.857258 1703.866705
78 44.527971 1748.394676
79 45.258031 1793.652707
80 45.967367 1839.620074
81 46.514349 1886.134423
82 47.167474 1933.301897
83 47.509389 1980.811286
84 48.382001 2029.193287
85 48.599015 2077.792302
86 50.130082 2127.922384
87 50.383106 2178.305490
88 51.018234 2229.323724
89 51.561993 2280.885717
90 52.237713 2333.123430
91 52.588294 2385.711724
92 53.389073 2439.100797
93 54.138934 2493.239731
94 55.029077 2548.268808
95 54.847190 2603.115998
96 56.052170 2659.168168
97 57.102149 2716.270317
98 56.980470 2773.250787
99 57.629345 2830.880132
100 58.324053 2889.204185
101 59.533514 2948.737699
102 59.996208 3008.733907
103 60.857099 3069.591006
104 61.337454 3130.928460
105 62.392679 3193.321139
106 62.428386 3255.749525
107 63.417726 3319.167251
108 64.283754 3383.451005
109 65.013256 3448.464261
110 65.486718 3513.950979
111 66.275171 3580.226150
