# instance assign_to_us-mid1.pn
# Settings: Namespace(PN='../../../instances/hadoop/hadoop_extensions/us-mid1.pn', VDC='../../../instances/hadoop/hadoop_extensions/hadoop_4_2bw.vn', affinity=False, affinity_soft=False, allow_virtual_switches_in_switches=False, anti_affinity=False, assert_all_physical_edges=True, binary_search=True, bitblast_addition=False, bitblast_addition_shadow=False, bvwidth=1, configured=False, conflict_limit=0, debug=False, decide_opt_lits=True, directed_links=False, flush_pb_theory=False, force_virtual_switches=False, ignore_ram_constraints=False, ignore_storage_constraints=False, ijcai_settings=False, intrinsic_edge_constraints=False, intrinsic_edge_sets=True, large_res_opt=True, logfile=None, max_cores=8, max_ram=16, max_resource=None, max_storage=1, max_vms=4, min_cores=True, min_servers=False, monosat_defaults=False, opt_conflict_limit=0, opt_detect_sat=False, opt_time_limit=-1, output=None, popcount='BV', prop_assumps=False, refine_flow=True, remove_all_flow_cycles=False, remove_flow_cycles=False, remove_flow_cycles_python=False, repeat=True, rnd_restart=True, rnd_theory_freq=0.99, rnd_theory_order=False, separate_reach_constraints=False, static_flow_caps=True, theory_order_vsids=True, timelog='./timelogs/mincores/config_results_hadoop_us-mid1_4vm_2bw', tree_addition=True, use_cover_for_refinement=True, use_min_cost_max_flow=False, vsids_balance=1, vsids_both=True)
init 3.005295 3.005295
1 2.988199 5.993494
2 2.922849 8.916343
3 3.489628 12.405971
4 4.462712 16.868683
5 5.486069 22.354752
6 5.941904 28.296656
7 6.822354 35.119010
8 7.316687 42.435697
9 8.162152 50.597849
10 9.172159 59.770008
11 9.824584 69.594592
12 10.822257 80.416849
13 11.445404 91.862253
14 12.396117 104.258370
15 13.155348 117.413718
16 13.724319 131.138037
17 14.650374 145.788411
18 15.383797 161.172208
19 16.184315 177.356523
20 17.526011 194.882534
21 17.726254 212.608788
22 18.604260 231.213048
23 19.553139 250.766187
24 20.504681 271.270868
25 21.150225 292.421093
26 21.938013 314.359106
27 22.377908 336.737014
28 23.479782 360.216796
29 24.363170 384.579966
30 25.215958 409.795924
31 26.101879 435.897803
32 26.828110 462.725913
33 27.969325 490.695238
34 28.409609 519.104847
35 29.279924 548.384771
36 30.449188 578.833959
37 31.111597 609.945556
38 32.106044 642.051600
39 32.741546 674.793146
40 33.390058 708.183204
41 34.487826 742.671030
42 35.288853 777.959883
43 36.470395 814.430278
44 37.027053 851.457331
45 37.829198 889.286529
46 38.880282 928.166811
47 39.070911 967.237722
48 40.722458 1007.960180
49 41.444529 1049.404709
50 42.188790 1091.593499
51 43.365318 1134.958817
52 43.846685 1178.805502
53 44.761910 1223.567412
54 45.718773 1269.286185
55 46.662879 1315.949064
56 47.370962 1363.320026
57 48.347410 1411.667436
58 49.294390 1460.961826
59 50.097248 1511.059074
60 51.175688 1562.234762
61 51.949083 1614.183845
62 52.931218 1667.115063
63 53.484046 1720.599109
64 54.274572 1774.873681
65 55.497001 1830.370682
66 56.083863 1886.454545
67 57.023943 1943.478488
68 58.010385 2001.488873
69 58.999139 2060.488012
70 59.868996 2120.357008
71 61.230835 2181.587843
72 61.854406 2243.442249
73 63.329610 2306.771859
74 63.530228 2370.302087
75 64.577220 2434.879307
76 65.477773 2500.357080
77 66.599314 2566.956394
78 67.243559 2634.199953
79 68.291517 2702.491470
80 69.138252 2771.629722
81 70.025308 2841.655030
82 70.834374 2912.489404
83 72.336017 2984.825421
84 73.149944 3057.975365
85 73.627773 3131.603138
86 74.863679 3206.466817
87 75.652015 3282.118832
88 76.731913 3358.850745
89 77.465448 3436.316193
90 78.819162 3515.135355
91 79.441963 3594.577318
