# instance assign_to_us-mid1.pn
# Settings: Namespace(PN='../../../instances/hadoop/hadoop_extensions/us-mid1.pn', VDC='../../../instances/hadoop/hadoop_extensions/hadoop_4_1bw.vn', affinity=False, affinity_soft=False, allow_virtual_switches_in_switches=False, anti_affinity=False, assert_all_physical_edges=True, binary_search=True, bitblast_addition=False, bitblast_addition_shadow=False, bvwidth=1, configured=False, conflict_limit=0, debug=False, decide_opt_lits=True, directed_links=False, flush_pb_theory=False, force_virtual_switches=False, ignore_ram_constraints=False, ignore_storage_constraints=False, ijcai_settings=False, intrinsic_edge_constraints=False, intrinsic_edge_sets=True, large_res_opt=True, logfile=None, max_cores=8, max_ram=16, max_resource=None, max_storage=1, max_vms=4, min_cores=True, min_servers=False, monosat_defaults=False, opt_conflict_limit=0, opt_detect_sat=False, opt_time_limit=-1, output=None, popcount='BV', prop_assumps=False, refine_flow=True, remove_all_flow_cycles=False, remove_flow_cycles=False, remove_flow_cycles_python=False, repeat=True, rnd_restart=True, rnd_theory_freq=0.99, rnd_theory_order=False, separate_reach_constraints=False, static_flow_caps=True, theory_order_vsids=True, timelog='./timelogs/mincores/config_results_hadoop_us-mid1_4vm_1bw', tree_addition=True, use_cover_for_refinement=True, use_min_cost_max_flow=False, vsids_balance=1, vsids_both=True)
init 2.883845 2.883845
1 2.963024 5.846869
2 2.870869 8.717738
3 3.427529 12.145267
4 4.420232 16.565499
5 5.490407 22.055906
6 6.098761 28.154667
7 6.815658 34.970325
8 7.285552 42.255877
9 8.043447 50.299324
10 9.228228 59.527552
11 9.676944 69.204496
12 10.434113 79.638609
13 11.297681 90.936290
14 12.342534 103.278824
15 12.996995 116.275819
16 13.668218 129.944037
17 14.370190 144.314227
18 15.394591 159.708818
19 15.888273 175.597091
20 16.792009 192.389100
21 17.557141 209.946241
22 18.577075 228.523316
23 19.456126 247.979442
24 20.002056 267.981498
25 21.044767 289.026265
26 21.800212 310.826477
27 22.814840 333.641317
28 23.602028 357.243345
29 24.267655 381.511000
30 24.976771 406.487771
31 25.690172 432.177943
32 26.600866 458.778809
33 27.057430 485.836239
34 28.184066 514.020305
35 29.054985 543.075290
36 30.112543 573.187833
37 30.690999 603.878832
38 31.658310 635.537142
39 32.461822 667.998964
40 33.407537 701.406501
41 34.052720 735.459221
42 34.842964 770.302185
43 35.611261 805.913446
44 36.529467 842.442913
45 37.508649 879.951562
46 38.513342 918.464904
47 39.391174 957.856078
48 39.914551 997.770629
49 40.831600 1038.602229
50 42.045080 1080.647309
51 42.715020 1123.362329
52 43.575280 1166.937609
53 44.602782 1211.540391
54 44.951864 1256.492255
55 45.959263 1302.451518
56 46.940170 1349.391688
57 47.680479 1397.072167
58 48.541099 1445.613266
59 49.426533 1495.039799
60 50.435604 1545.475403
61 51.166091 1596.641494
62 52.084941 1648.726435
63 53.090019 1701.816454
64 53.818165 1755.634619
65 54.792858 1810.427477
66 55.690417 1866.117894
67 56.694212 1922.812106
68 57.356987 1980.169093
69 58.368894 2038.537987
70 59.705648 2098.243635
71 60.012498 2158.256133
72 61.054250 2219.310383
73 62.661154 2281.971537
74 63.079014 2345.050551
75 63.649850 2408.700401
76 64.644604 2473.345005
77 65.640089 2538.985094
78 66.383291 2605.368385
79 67.254943 2672.623328
80 68.176569 2740.799897
81 69.213559 2810.013456
82 70.390644 2880.404100
83 71.188227 2951.592327
84 72.402546 3023.994873
85 72.872755 3096.867628
86 73.647626 3170.515254
87 74.885129 3245.400383
88 75.634747 3321.035130
89 76.704223 3397.739353
90 77.518085 3475.257438
91 78.617027 3553.874465
