# instance assign_to_us-mid1.pn
# Settings: Namespace(PN='../../../instances/hadoop/hadoop_extra/us-mid1.pn', VDC_LIST='../../../instances/hadoop/instance_list_hadoop_4vm_rnd.txt', affinity=False, affinity_soft=True, allow_virtual_switches_in_switches=True, anti_affinity=False, assert_all_physical_edges=False, binary_search=True, bitblast_addition=False, bitblast_addition_shadow=False, configured=True, conflict_limit=-1, deallocate_prob=0, debug=False, decide_opt_lits=True, directed_links=False, flush_pb_theory=False, force_virtual_switches=False, ignore_ram_constraints=False, ignore_storage_constraints=True, ijcai_settings=False, intrinsic_edge_constraints=False, intrinsic_edge_sets=True, logfile=None, max_cores=8, max_ram=16, max_storage=1, max_vms=4, min_cores=False, min_servers=False, opt_conflict_limit=0, opt_detect_sat=False, opt_time_limit=-1, output=None, popcount='BV', prop_assumps=True, refine_flow=True, remove_all_flow_cycles=False, remove_flow_cycles=False, remove_flow_cycles_python=False, rnd_restart=True, rnd_theory_freq=0.99, rnd_theory_order=False, separate_reach_constraints=False, static_flow_caps=True, theory_order_vsids=True, timelog='timelogs/config_results_vdcmapper_hadoop_us_mid1_4vm', tree_addition=True, use_cover_for_refinement=True, use_min_cost_max_flow=False, vsids_balance=1, vsids_both=True)
init 2.409387 2.409387
1 1.983833 4.393220
2 0.279291 4.672511
3 0.313263 4.985774
4 0.299396 5.285170
5 0.283195 5.568365
6 0.299484 5.867849
7 0.384109 6.251958
8 0.286624 6.538582
9 0.291178 6.829760
10 0.288629 7.118389
11 0.287162 7.405551
12 0.472259 7.877810
13 0.297177 8.174987
14 0.654807 8.829794
15 0.295448 9.125242
16 0.335035 9.460277
17 0.299370 9.759647
18 0.300804 10.060451
19 0.301328 10.361779
20 0.530576 10.892355
21 0.382594 11.274949
22 0.328808 11.603757
23 0.317369 11.921126
24 0.388901 12.310027
25 0.424700 12.734727
26 0.293769 13.028496
27 0.291457 13.319953
28 0.389018 13.708971
29 0.405284 14.114255
30 0.289956 14.404211
31 0.399615 14.803826
32 0.294114 15.097940
33 0.401851 15.499791
34 0.341301 15.841092
35 0.295451 16.136543
36 0.455732 16.592275
37 0.306981 16.899256
38 0.339867 17.239123
39 0.294462 17.533585
40 0.315955 17.849540
41 0.389455 18.238995
42 0.308672 18.547667
43 0.349502 18.897169
44 0.314042 19.211211
45 0.395332 19.606543
46 0.298196 19.904739
47 0.348137 20.252876
48 0.407728 20.660604
49 0.293460 20.954064
50 0.292628 21.246692
51 0.427241 21.673933
52 0.391900 22.065833
53 0.373613 22.439446
54 0.296476 22.735922
55 0.373246 23.109168
56 0.348829 23.457997
57 0.295893 23.753890
58 0.297580 24.051470
59 0.294704 24.346174
60 0.293977 24.640151
61 0.413094 25.053245
62 0.312112 25.365357
63 0.362406 25.727763
64 0.295647 26.023410
65 0.300861 26.324271
66 0.338780 26.663051
67 0.385038 27.048089
68 0.294645 27.342734
69 0.301367 27.644101
70 0.343110 27.987211
71 0.304538 28.291749
72 0.379955 28.671704
73 0.325387 28.997091
74 0.411279 29.408370
75 0.377876 29.786246
76 0.302128 30.088374
77 0.313360 30.401734
78 0.303006 30.704740
79 0.359760 31.064500
80 0.310247 31.374747
81 0.362411 31.737158
82 0.296089 32.033247
83 0.296197 32.329444
84 0.342413 32.671857
85 0.304091 32.975948
86 0.298254 33.274202
87 0.415077 33.689279
88 0.349787 34.039066
89 0.313918 34.352984
90 0.507330 34.860314
91 0.376578 35.236892
92 0.314544 35.551436
93 0.418389 35.969825
94 0.314677 36.284502
95 0.315356 36.599858
96 0.333450 36.933308
97 0.327274 37.260582
98 0.453247 37.713829
99 0.303249 38.017078
100 0.296772 38.313850
101 0.426051 38.739901
102 0.461540 39.201441
103 0.381750 39.583191
104 0.306794 39.889985
105 0.380018 40.270003
106 0.399705 40.669708
107 0.371657 41.041365
108 0.363307 41.404672
109 0.298653 41.703325
110 0.307747 42.011072
111 0.303631 42.314703
112 0.413438 42.728141
113 0.386001 43.114142
114 0.298307 43.412449
115 0.298088 43.710537
116 0.576197 44.286734
117 0.362020 44.648754
118 0.358473 45.007227
119 0.302657 45.309884
120 0.312317 45.622201
121 0.352636 45.974837
122 0.381552 46.356389
123 0.302452 46.658841
124 0.330012 46.988853
125 0.307655 47.296508
126 0.358324 47.654832
127 0.462194 48.117026
128 0.320796 48.437822
129 0.384602 48.822424
130 0.394932 49.217356
131 0.334792 49.552148
132 0.360094 49.912242
133 0.308626 50.220868
134 0.416468 50.637336
135 0.322199 50.959535
136 0.304437 51.263972
137 0.357367 51.621339
138 0.371238 51.992577
139 0.301107 52.293684
140 0.311637 52.605321
141 0.301782 52.907103
142 0.351964 53.259067
143 0.394714 53.653781
done 143 0.094560 53.748341
