# instance assign_to_us-mid2.pn
# Settings: Namespace(PN='../../../instances/hadoop/hadoop_extra/us-mid2.pn', VDC_LIST='../../../instances/hadoop/instance_list_hadoop_10vm_rnd.txt', affinity=False, affinity_soft=True, allow_virtual_switches_in_switches=True, anti_affinity=False, assert_all_physical_edges=False, binary_search=True, bitblast_addition=False, bitblast_addition_shadow=False, configured=True, conflict_limit=-1, deallocate_prob=0, debug=False, decide_opt_lits=True, directed_links=False, flush_pb_theory=False, force_virtual_switches=False, ignore_ram_constraints=False, ignore_storage_constraints=True, ijcai_settings=False, intrinsic_edge_constraints=False, intrinsic_edge_sets=True, logfile=None, max_cores=8, max_ram=16, max_storage=1, max_vms=10, min_cores=False, min_servers=False, opt_conflict_limit=0, opt_detect_sat=False, opt_time_limit=-1, output=None, popcount='BV', prop_assumps=True, refine_flow=True, remove_all_flow_cycles=False, remove_flow_cycles=False, remove_flow_cycles_python=False, rnd_restart=True, rnd_theory_freq=0.99, rnd_theory_order=False, separate_reach_constraints=False, static_flow_caps=True, theory_order_vsids=True, timelog='timelogs/config_results_vdcmapper_hadoop_us_mid2_10vm', tree_addition=True, use_cover_for_refinement=True, use_min_cost_max_flow=False, vsids_balance=1, vsids_both=True)
init 12.596714 12.596714
1 8.228833 20.825547
2 1.503192 22.328739
3 1.467315 23.796054
4 1.405081 25.201135
5 1.884043 27.085178
6 1.478013 28.563191
7 2.291500 30.854691
8 2.404604 33.259295
9 2.468336 35.727631
10 2.050951 37.778582
11 1.756154 39.534736
12 1.371201 40.905937
13 2.630131 43.536068
14 1.705130 45.241198
15 2.246395 47.487593
16 1.537456 49.025049
17 1.689506 50.714555
18 1.572437 52.286992
19 1.757301 54.044293
20 1.954104 55.998397
21 2.167544 58.165941
22 1.380760 59.546701
23 3.055861 62.602562
24 5.994338 68.596900
25 3.019640 71.616540
26 1.397970 73.014510
27 2.181659 75.196169
28 1.586900 76.783069
29 2.105285 78.888354
30 1.729111 80.617465
31 1.651679 82.269144
32 1.692234 83.961378
33 4.284069 88.245447
34 2.650682 90.896129
35 1.609288 92.505417
36 2.348115 94.853532
37 1.403709 96.257241
38 1.572939 97.830180
39 2.171379 100.001559
40 1.739677 101.741236
41 1.482937 103.224173
42 1.901627 105.125800
43 1.742856 106.868656
44 1.819039 108.687695
45 2.565041 111.252736
46 1.923117 113.175853
47 1.470983 114.646836
48 1.504085 116.150921
49 1.855397 118.006318
50 1.463888 119.470206
51 3.991704 123.461910
52 3.481383 126.943293
53 1.603733 128.547026
54 1.524811 130.071837
55 2.038859 132.110696
56 1.488734 133.599430
57 1.638423 135.237853
58 2.150956 137.388809
59 1.790322 139.179131
60 2.784995 141.964126
61 1.999811 143.963937
62 1.939853 145.903790
63 2.041921 147.945711
64 2.185782 150.131493
65 1.749821 151.881314
66 1.835079 153.716393
67 1.551675 155.268068
68 1.851101 157.119169
69 2.800325 159.919494
70 1.414142 161.333636
71 4.655959 165.989595
72 2.322692 168.312287
73 1.942464 170.254751
74 1.388841 171.643592
75 1.436046 173.079638
76 1.529703 174.609341
77 2.492437 177.101778
78 2.364243 179.466021
79 2.980839 182.446860
80 1.446246 183.893106
81 2.441386 186.334492
82 1.572759 187.907251
83 1.455551 189.362802
84 1.333411 190.696213
85 2.365990 193.062203
86 3.339791 196.401994
87 1.618364 198.020358
88 2.204041 200.224399
89 1.697387 201.921786
90 2.158393 204.080179
91 1.740879 205.821058
92 1.831691 207.652749
93 1.815176 209.467925
94 1.522361 210.990286
95 2.027576 213.017862
96 1.636993 214.654855
97 3.683883 218.338738
98 1.877702 220.216440
99 2.495480 222.711920
100 1.570372 224.282292
101 1.793671 226.075963
102 1.538822 227.614785
103 1.504676 229.119461
104 1.645087 230.764548
105 1.733829 232.498377
106 1.699653 234.198030
107 1.978205 236.176235
108 3.028257 239.204492
109 2.249977 241.454469
110 3.063119 244.517588
111 2.299507 246.817095
112 3.660757 250.477852
113 1.960441 252.438293
114 1.595040 254.033333
115 2.332002 256.365335
116 2.096712 258.462047
117 2.072611 260.534658
118 1.608900 262.143558
119 1.504282 263.647840
120 1.763852 265.411692
121 2.398169 267.809861
122 1.588069 269.397930
123 2.693885 272.091815
124 1.778389 273.870204
125 1.539083 275.409287
126 1.955804 277.365091
127 1.695116 279.060207
128 1.596548 280.656755
129 1.563528 282.220283
130 1.988603 284.208886
131 2.892533 287.101419
132 1.489357 288.590776
133 1.624264 290.215040
134 1.421829 291.636869
135 1.440028 293.076897
136 1.523103 294.600000
137 2.021591 296.621591
138 1.695000 298.316591
139 3.727833 302.044424
140 2.138782 304.183206
141 2.332932 306.516138
142 2.018418 308.534556
done 142 1.567310 310.101866
