# instance assign_to_us-mid2.pn
# Settings: Namespace(PN='../../../instances/hadoop/hadoop_extra/us-mid2.pn', VDC_LIST='../../../instances/hadoop/instance_list_hadoop_8vm_rnd.txt', affinity=False, affinity_soft=True, allow_virtual_switches_in_switches=True, anti_affinity=False, assert_all_physical_edges=False, binary_search=True, bitblast_addition=False, bitblast_addition_shadow=False, configured=True, conflict_limit=-1, deallocate_prob=0, debug=False, decide_opt_lits=True, directed_links=False, flush_pb_theory=False, force_virtual_switches=False, ignore_ram_constraints=False, ignore_storage_constraints=True, ijcai_settings=False, intrinsic_edge_constraints=False, intrinsic_edge_sets=True, logfile=None, max_cores=8, max_ram=16, max_storage=1, max_vms=8, min_cores=False, min_servers=False, opt_conflict_limit=0, opt_detect_sat=False, opt_time_limit=-1, output=None, popcount='BV', prop_assumps=True, refine_flow=True, remove_all_flow_cycles=False, remove_flow_cycles=False, remove_flow_cycles_python=False, rnd_restart=True, rnd_theory_freq=0.99, rnd_theory_order=False, separate_reach_constraints=False, static_flow_caps=True, theory_order_vsids=True, timelog='timelogs/config_results_vdcmapper_hadoop_us_mid2_8vm', tree_addition=True, use_cover_for_refinement=True, use_min_cost_max_flow=False, vsids_balance=1, vsids_both=True)
init 9.494958 9.494958
1 7.593558 17.088516
2 1.239756 18.328272
3 1.320658 19.648930
4 5.430594 25.079524
5 1.380809 26.460333
6 2.994194 29.454527
7 1.486039 30.940566
8 2.587681 33.528247
9 1.864757 35.393004
10 1.385275 36.778279
11 1.269440 38.047719
12 1.614898 39.662617
13 1.853117 41.515734
14 1.411204 42.926938
15 2.074176 45.001114
16 1.305352 46.306466
17 1.288583 47.595049
18 2.433751 50.028800
19 4.720353 54.749153
20 1.265047 56.014200
21 1.245236 57.259436
22 6.104474 63.363910
23 2.655815 66.019725
24 1.341198 67.360923
25 1.758310 69.119233
26 1.353153 70.472386
27 1.800713 72.273099
28 2.974101 75.247200
29 1.353805 76.601005
30 3.104013 79.705018
31 1.735938 81.440956
32 1.696088 83.137044
33 1.769111 84.906155
34 1.287197 86.193352
35 1.376771 87.570123
36 1.622867 89.192990
37 2.757765 91.950755
38 1.317759 93.268514
39 12.995991 106.264505
40 2.701361 108.965866
41 1.292365 110.258231
42 1.548710 111.806941
43 1.209577 113.016518
44 1.635657 114.652175
45 1.209494 115.861669
46 6.599109 122.460778
47 1.222580 123.683358
48 1.235281 124.918639
49 1.713064 126.631703
50 1.412899 128.044602
51 2.644752 130.689354
52 2.932709 133.622063
53 1.531941 135.154004
54 1.451352 136.605356
55 1.734923 138.340279
56 2.485511 140.825790
57 1.362138 142.187928
58 1.311790 143.499718
59 1.259147 144.758865
60 1.182854 145.941719
61 1.245389 147.187108
62 11.597807 158.784915
63 1.510377 160.295292
64 1.236486 161.531778
65 2.734584 164.266362
66 1.600218 165.866580
67 2.466365 168.332945
68 1.224313 169.557258
69 1.554700 171.111958
70 1.471362 172.583320
71 12.795554 185.378874
72 13.878731 199.257605
73 3.042334 202.299939
74 1.859544 204.159483
75 1.391929 205.551412
76 1.802231 207.353643
77 8.139410 215.493053
78 1.589995 217.083048
79 1.578606 218.661654
80 1.828140 220.489794
81 1.826888 222.316682
82 3.597462 225.914144
83 2.021765 227.935909
84 2.370505 230.306414
85 14.558962 244.865376
86 1.601406 246.466782
87 1.361690 247.828472
88 1.230461 249.058933
89 1.845364 250.904297
90 5.061588 255.965885
91 1.398415 257.364300
92 1.754805 259.119105
93 2.327280 261.446385
94 1.341761 262.788146
95 1.733240 264.521386
96 1.901420 266.422806
97 7.151787 273.574593
98 1.601012 275.175605
99 1.801320 276.976925
100 1.451650 278.428575
101 1.564952 279.993527
102 1.328795 281.322322
103 1.352505 282.674827
104 2.007065 284.681892
105 1.907258 286.589150
106 1.508839 288.097989
107 1.397677 289.495666
108 1.843802 291.339468
109 1.602859 292.942327
110 1.291462 294.233789
111 2.166631 296.400420
112 1.327580 297.728000
113 1.329013 299.057013
114 1.718616 300.775629
115 1.282716 302.058345
116 1.605955 303.664300
117 1.407793 305.072093
118 2.008358 307.080451
119 1.849746 308.930197
120 1.943852 310.874049
121 1.530946 312.404995
122 4.391117 316.796112
123 1.561786 318.357898
124 1.290427 319.648325
125 2.121842 321.770167
126 1.721935 323.492102
127 2.974760 326.466862
128 1.512891 327.979753
129 1.393925 329.373678
130 1.750143 331.123821
131 1.447423 332.571244
132 1.483133 334.054377
133 2.327778 336.382155
134 1.571835 337.953990
135 2.268484 340.222474
136 1.408379 341.630853
137 1.310293 342.941146
138 26.338166 369.279312
139 4.379221 373.658533
140 1.251263 374.909796
141 1.580276 376.490072
142 1.649452 378.139524
143 1.468203 379.607727
144 1.345384 380.953111
145 2.219768 383.172879
146 1.282948 384.455827
147 1.915885 386.371712
148 2.788821 389.160533
149 1.276780 390.437313
150 1.799262 392.236575
151 1.271241 393.507816
152 1.856572 395.364388
153 1.342665 396.707053
154 1.600467 398.307520
155 1.541701 399.849221
156 1.719622 401.568843
157 10.779054 412.347897
158 1.286746 413.634643
159 1.461384 415.096027
160 1.326723 416.422750
161 1.909450 418.332200
162 1.736571 420.068771
163 1.347019 421.415790
164 1.947861 423.363651
165 1.682957 425.046608
166 1.304623 426.351231
167 1.255597 427.606828
168 2.006072 429.612900
169 2.347243 431.960143
170 2.609103 434.569246
171 1.442825 436.012071
172 1.970115 437.982186
173 8.616555 446.598741
174 1.349356 447.948097
175 1.874093 449.822190
176 1.390724 451.212914
177 1.606667 452.819581
178 11.704144 464.523725
179 1.789448 466.313173
180 1.382288 467.695461
181 1.427985 469.123446
182 1.339001 470.462447
183 2.192083 472.654530
184 2.925985 475.580515
185 3.124673 478.705188
done 185 22.542567 501.247755
