# instance assign_to_us-west1.pn
# Settings: Namespace(PN='../../../instances/hadoop/hadoop_extra/us-west1.pn', VDC_LIST='../../../instances/hadoop/instance_list_hadoop_12vm_rnd.txt', affinity=False, affinity_soft=True, allow_virtual_switches_in_switches=True, anti_affinity=False, assert_all_physical_edges=False, binary_search=True, bitblast_addition=False, bitblast_addition_shadow=False, configured=True, conflict_limit=-1, deallocate_prob=0, debug=False, decide_opt_lits=True, directed_links=False, flush_pb_theory=False, force_virtual_switches=False, ignore_ram_constraints=False, ignore_storage_constraints=True, ijcai_settings=False, intrinsic_edge_constraints=False, intrinsic_edge_sets=True, logfile=None, max_cores=8, max_ram=16, max_storage=1, max_vms=12, min_cores=False, min_servers=False, opt_conflict_limit=0, opt_detect_sat=False, opt_time_limit=-1, output=None, popcount='BV', prop_assumps=True, refine_flow=True, remove_all_flow_cycles=False, remove_flow_cycles=False, remove_flow_cycles_python=False, rnd_restart=True, rnd_theory_freq=0.99, rnd_theory_order=False, separate_reach_constraints=False, static_flow_caps=True, theory_order_vsids=True, timelog='timelogs/config_results_vdcmapper_hadoop_us_west1_12vm', tree_addition=True, use_cover_for_refinement=True, use_min_cost_max_flow=False, vsids_balance=1, vsids_both=True)
init 23.239811 23.239811
1 17.037937 40.277748
2 3.460996 43.738744
3 6.520628 50.259372
4 3.136493 53.395865
5 8.966937 62.362802
6 3.101774 65.464576
7 3.639268 69.103844
8 4.719646 73.823490
9 11.680433 85.503923
10 3.710109 89.214032
11 5.512915 94.726947
12 3.517511 98.244458
13 4.283605 102.528063
14 12.691480 115.219543
15 3.954302 119.173845
16 11.672900 130.846745
17 19.751322 150.598067
18 3.574077 154.172144
19 3.219980 157.392124
20 3.652872 161.044996
21 10.246487 171.291483
22 3.464438 174.755921
23 4.234448 178.990369
24 3.535153 182.525522
25 5.719590 188.245112
26 4.331268 192.576380
27 3.702012 196.278392
28 5.188710 201.467102
29 3.407129 204.874231
30 3.165528 208.039759
31 6.470909 214.510668
32 5.094599 219.605267
33 3.337047 222.942314
34 3.049963 225.992277
35 5.714527 231.706804
36 3.763506 235.470310
37 3.809402 239.279712
38 89.685034 328.964746
39 3.698241 332.662987
40 5.895878 338.558865
41 3.423459 341.982324
42 3.080714 345.063038
43 4.253427 349.316465
44 4.427142 353.743607
45 4.611184 358.354791
46 3.430188 361.784979
47 4.009235 365.794214
48 5.142567 370.936781
49 4.068952 375.005733
50 3.606908 378.612641
51 4.835581 383.448222
52 4.296504 387.744726
53 3.624570 391.369296
54 5.470341 396.839637
55 4.469553 401.309190
56 10.511388 411.820578
57 3.623103 415.443681
58 3.355617 418.799298
59 3.612862 422.412160
60 4.007016 426.419176
61 4.017387 430.436563
62 3.378441 433.815004
63 4.207484 438.022488
64 4.421693 442.444181
65 5.313719 447.757900
66 4.865575 452.623475
67 305.906306 758.529781
68 32.258117 790.787898
69 6.860918 797.648816
70 5.065933 802.714749
71 3.942703 806.657452
72 2.903989 809.561441
73 13.677776 823.239217
74 4.031193 827.270410
75 4.093543 831.363953
76 5.280606 836.644559
77 4.452242 841.096801
78 8.424254 849.521055
79 6.750682 856.271737
80 14.010323 870.282060
81 3.292700 873.574760
82 4.867391 878.442151
83 3.920332 882.362483
84 4.161703 886.524186
85 2.974858 889.499044
86 9.289358 898.788402
87 4.455874 903.244276
88 4.333063 907.577339
89 3.246109 910.823448
90 8.066140 918.889588
91 4.266734 923.156322
92 4.403213 927.559535
93 5.217718 932.777253
94 6.489996 939.267249
95 5.664127 944.931376
96 3.236963 948.168339
97 4.099780 952.268119
98 5.205693 957.473812
99 6.839417 964.313229
100 5.721256 970.034485
101 4.831253 974.865738
102 2.971256 977.836994
103 5.196139 983.033133
104 10.615455 993.648588
105 7.240403 1000.888991
106 3.787007 1004.675998
107 4.357298 1009.033296
108 3.577931 1012.611227
109 5.083180 1017.694407
110 5.719051 1023.413458
111 3.432365 1026.845823
112 4.083220 1030.929043
113 4.987136 1035.916179
114 3.559932 1039.476111
115 2.958147 1042.434258
116 50.809101 1093.243359
117 4.061908 1097.305267
118 9.993540 1107.298807
119 3.939121 1111.237928
120 5.716927 1116.954855
121 9.230517 1126.185372
122 4.214704 1130.400076
123 5.097125 1135.497201
124 52.221798 1187.718999
125 21.532618 1209.251617
126 4.604384 1213.856001
127 8.713047 1222.569048
128 6.311335 1228.880383
129 4.870523 1233.750906
130 3.224976 1236.975882
131 7.133444 1244.109326
132 3.556082 1247.665408
133 5.607164 1253.272572
134 10.503712 1263.776284
135 4.012949 1267.789233
136 82.804149 1350.593382
137 8.368834 1358.962216
138 4.304052 1363.266268
139 3.411400 1366.677668
140 6.034239 1372.711907
141 4.576857 1377.288764
142 800.931026 2178.219790
143 4.080260 2182.300050
144 12.056443 2194.356493
145 115.154056 2309.510549
146 6.128831 2315.639380
147 4.715012 2320.354392
148 66.471671 2386.826063
149 5.727394 2392.553457
150 3.479107 2396.032564
151 3.788361 2399.820925
152 4.231141 2404.052066
153 5.193096 2409.245162
154 3.873602 2413.118764
155 4.515627 2417.634391
156 3.469913 2421.104304
157 5.028522 2426.132826
158 7.814458 2433.947284
159 3.518004 2437.465288
160 48.519750 2485.985038
161 3.971219 2489.956257
162 6.044992 2496.001249
163 4.148162 2500.149411
164 4.504038 2504.653449
165 3.738756 2508.392205
166 3.656774 2512.048979
167 4.962838 2517.011817
168 4.271714 2521.283531
169 3.751581 2525.035112
170 4.637303 2529.672415
171 5.123910 2534.796325
172 3.292562 2538.088887
173 3.350068 2541.438955
174 4.799904 2546.238859
175 3.754273 2549.993132
176 3.121912 2553.115044
177 4.626263 2557.741307
178 10.354365 2568.095672
179 404.915065 2973.010737
180 4.893654 2977.904391
181 9.640140 2987.544531
182 3.792707 2991.337238
183 4.109049 2995.446287
184 5.257490 3000.703777
185 53.691719 3054.395496
186 45.359406 3099.754902
187 3.649366 3103.404268
188 9.440742 3112.845010
189 57.556120 3170.401130
190 24.813377 3195.214507
