# instance assign_to_us-mid2.pn
# Settings: Namespace(PN='../../../instances/hadoop/hadoop_extra/us-mid2.pn', VDC_LIST='../../../instances/hadoop/instance_list_hadoop_6vm_rnd.txt', affinity=False, affinity_soft=True, allow_virtual_switches_in_switches=True, anti_affinity=False, assert_all_physical_edges=False, binary_search=True, bitblast_addition=False, bitblast_addition_shadow=False, configured=True, conflict_limit=-1, deallocate_prob=0, debug=False, decide_opt_lits=True, directed_links=False, flush_pb_theory=False, force_virtual_switches=False, ignore_ram_constraints=False, ignore_storage_constraints=True, ijcai_settings=False, intrinsic_edge_constraints=False, intrinsic_edge_sets=True, logfile=None, max_cores=8, max_ram=16, max_storage=1, max_vms=6, min_cores=False, min_servers=False, opt_conflict_limit=0, opt_detect_sat=False, opt_time_limit=-1, output=None, popcount='BV', prop_assumps=True, refine_flow=True, remove_all_flow_cycles=False, remove_flow_cycles=False, remove_flow_cycles_python=False, rnd_restart=True, rnd_theory_freq=0.99, rnd_theory_order=False, separate_reach_constraints=False, static_flow_caps=True, theory_order_vsids=True, timelog='timelogs/config_results_vdcmapper_hadoop_us_mid2_6vm', tree_addition=True, use_cover_for_refinement=True, use_min_cost_max_flow=False, vsids_balance=1, vsids_both=True)
init 7.594440 7.594440
1 6.112491 13.706931
2 1.025745 14.732676
3 1.206680 15.939356
4 0.882659 16.822015
5 0.901979 17.723994
6 1.031051 18.755045
7 0.878754 19.633799
8 0.951812 20.585611
9 1.772510 22.358121
10 0.894842 23.252963
11 1.033275 24.286238
12 2.782725 27.068963
13 0.968578 28.037541
14 0.993727 29.031268
15 1.173760 30.205028
16 0.924507 31.129535
17 1.088213 32.217748
18 0.880885 33.098633
19 1.292565 34.391198
20 2.253470 36.644668
21 1.408016 38.052684
22 0.887287 38.939971
23 1.086464 40.026435
24 1.046097 41.072532
25 0.886205 41.958737
26 1.395848 43.354585
27 0.894349 44.248934
28 1.687330 45.936264
29 1.175749 47.112013
30 0.947871 48.059884
31 1.326663 49.386547
32 1.067084 50.453631
33 1.049346 51.502977
34 0.954815 52.457792
35 1.093667 53.551459
36 1.393841 54.945300
37 0.984542 55.929842
38 3.841007 59.770849
39 1.052145 60.822994
40 1.238330 62.061324
41 1.444885 63.506209
42 4.999776 68.505985
43 1.036600 69.542585
44 0.998990 70.541575
45 1.127735 71.669310
46 0.985554 72.654864
47 1.051743 73.706607
48 1.338159 75.044766
49 0.922110 75.966876
50 1.226801 77.193677
51 1.873775 79.067452
52 1.283134 80.350586
53 1.264922 81.615508
54 0.943938 82.559446
55 1.286847 83.846293
56 0.906141 84.752434
57 3.108915 87.861349
58 0.959572 88.820921
59 1.124788 89.945709
60 1.333003 91.278712
61 0.895394 92.174106
62 1.198668 93.372774
63 1.383864 94.756638
64 1.022803 95.779441
65 1.442866 97.222307
66 1.337108 98.559415
67 1.621547 100.180962
68 1.010472 101.191434
69 1.227193 102.418627
70 1.190442 103.609069
71 1.034333 104.643402
72 1.132169 105.775571
73 1.472322 107.247893
74 1.375828 108.623721
75 1.801707 110.425428
76 8.528751 118.954179
77 1.002474 119.956653
78 0.957177 120.913830
79 1.387711 122.301541
80 1.056967 123.358508
81 5.127545 128.486053
82 1.668428 130.154481
83 1.354241 131.508722
84 1.045108 132.553830
85 1.365955 133.919785
86 0.932983 134.852768
87 1.319395 136.172163
88 1.300675 137.472838
89 1.099620 138.572458
90 1.007215 139.579673
91 1.136609 140.716282
92 1.449823 142.166105
93 1.293286 143.459391
94 1.065750 144.525141
95 1.203526 145.728667
96 1.054555 146.783222
97 1.058596 147.841818
98 1.777263 149.619081
99 1.244868 150.863949
100 0.969173 151.833122
101 1.448688 153.281810
102 2.897411 156.179221
103 1.156939 157.336160
104 1.536107 158.872267
105 1.372018 160.244285
106 1.150553 161.394838
107 1.105643 162.500481
108 1.049558 163.550039
109 2.022684 165.572723
110 0.931015 166.503738
111 1.278307 167.782045
112 1.037591 168.819636
113 1.807428 170.627064
114 1.351481 171.978545
115 0.971476 172.950021
116 1.286342 174.236363
117 1.026084 175.262447
118 1.175311 176.437758
119 1.300470 177.738228
120 6.069670 183.807898
121 1.252415 185.060313
122 0.945862 186.006175
123 0.992395 186.998570
124 1.395518 188.394088
125 1.581316 189.975404
126 0.925581 190.900985
127 1.325059 192.226044
128 1.765139 193.991183
129 1.297832 195.289015
130 1.422567 196.711582
131 0.920542 197.632124
132 1.219472 198.851596
133 1.109153 199.960749
134 6.294695 206.255444
135 1.217519 207.472963
136 1.064589 208.537552
137 1.614366 210.151918
138 1.327727 211.479645
139 1.179408 212.659053
140 1.237597 213.896650
141 1.045464 214.942114
142 1.553156 216.495270
143 0.941956 217.437226
144 1.064453 218.501679
145 1.274329 219.776008
146 1.021510 220.797518
147 0.975522 221.773040
148 1.889979 223.663019
149 1.414253 225.077272
150 1.123519 226.200791
151 1.178712 227.379503
152 1.352536 228.732039
153 1.202443 229.934482
154 1.089812 231.024294
155 2.595993 233.620287
156 1.336996 234.957283
157 1.767172 236.724455
158 1.156833 237.881288
159 1.063161 238.944449
160 1.087508 240.031957
161 1.739126 241.771083
162 1.011990 242.783073
163 1.080461 243.863534
164 0.985607 244.849141
165 1.058295 245.907436
166 0.946601 246.854037
167 1.503106 248.357143
168 1.092260 249.449403
169 1.380459 250.829862
170 1.309476 252.139338
171 2.563918 254.703256
172 0.973892 255.677148
173 1.294325 256.971473
174 1.259292 258.230765
175 1.102513 259.333278
176 1.158236 260.491514
177 1.455320 261.946834
178 1.052116 262.998950
179 1.254429 264.253379
180 1.460399 265.713778
181 1.161079 266.874857
182 0.943143 267.818000
183 1.167052 268.985052
184 1.560920 270.545972
185 1.069986 271.615958
186 1.189766 272.805724
187 1.520995 274.326719
188 1.660527 275.987246
189 1.483478 277.470724
190 1.363931 278.834655
191 1.071357 279.906012
192 1.243702 281.149714
193 1.022469 282.172183
194 1.080077 283.252260
195 1.579279 284.831539
196 1.069588 285.901127
197 1.253602 287.154729
198 1.472080 288.626809
199 1.079199 289.706008
200 2.306152 292.012160
201 2.800577 294.812737
202 1.622372 296.435109
203 0.936610 297.371719
204 1.027754 298.399473
205 1.263798 299.663271
206 1.538593 301.201864
207 0.934009 302.135873
208 1.012997 303.148870
209 1.017767 304.166637
210 1.160510 305.327147
211 2.007930 307.335077
212 0.944114 308.279191
213 0.950125 309.229316
214 1.458364 310.687680
215 1.367038 312.054718
216 1.208334 313.263052
217 1.371638 314.634690
218 0.977007 315.611697
219 4.304252 319.915949
220 0.956993 320.872942
221 1.250682 322.123624
222 1.183956 323.307580
223 1.276019 324.583599
224 1.104383 325.687982
225 3.674008 329.361990
226 1.394233 330.756223
227 1.140136 331.896359
228 1.020221 332.916580
229 1.427289 334.343869
230 1.000798 335.344667
231 1.579913 336.924580
232 1.081154 338.005734
233 1.260097 339.265831
234 1.307093 340.572924
235 1.050023 341.622947
236 1.067491 342.690438
237 1.077489 343.767927
238 1.263126 345.031053
239 4.280072 349.311125
240 0.976390 350.287515
241 0.943722 351.231237
242 0.976044 352.207281
243 1.128937 353.336218
244 1.277609 354.613827
245 0.975539 355.589366
246 1.394811 356.984177
247 1.239144 358.223321
248 1.985950 360.209271
done 248 0.389747 360.599018
