# instance assign_to_us-mid2.pn
# Settings: Namespace(PN='../../../instances/hadoop/hadoop_extra/us-mid2.pn', VDC_LIST='../../../instances/hadoop/instance_list_hadoop_4vm_rnd.txt', affinity=False, affinity_soft=True, allow_virtual_switches_in_switches=True, anti_affinity=False, assert_all_physical_edges=False, binary_search=True, bitblast_addition=False, bitblast_addition_shadow=False, configured=True, conflict_limit=-1, deallocate_prob=0, debug=False, decide_opt_lits=True, directed_links=False, flush_pb_theory=False, force_virtual_switches=False, ignore_ram_constraints=False, ignore_storage_constraints=True, ijcai_settings=False, intrinsic_edge_constraints=False, intrinsic_edge_sets=True, logfile=None, max_cores=8, max_ram=16, max_storage=1, max_vms=4, min_cores=False, min_servers=False, opt_conflict_limit=0, opt_detect_sat=False, opt_time_limit=-1, output=None, popcount='BV', prop_assumps=True, refine_flow=True, remove_all_flow_cycles=False, remove_flow_cycles=False, remove_flow_cycles_python=False, rnd_restart=True, rnd_theory_freq=0.99, rnd_theory_order=False, separate_reach_constraints=False, static_flow_caps=True, theory_order_vsids=True, timelog='timelogs/config_results_vdcmapper_hadoop_us_mid2_4vm', tree_addition=True, use_cover_for_refinement=True, use_min_cost_max_flow=False, vsids_balance=1, vsids_both=True)
init 4.980908 4.980908
1 4.333187 9.314095
2 0.697701 10.011796
3 0.745972 10.757768
4 0.711418 11.469186
5 0.748349 12.217535
6 0.660481 12.878016
7 1.607185 14.485201
8 0.657676 15.142877
9 0.901719 16.044596
10 0.630540 16.675136
11 0.656084 17.331220
12 0.789102 18.120322
13 0.843613 18.963935
14 0.726817 19.690752
15 0.668280 20.359032
16 0.794044 21.153076
17 0.870989 22.024065
18 0.687934 22.711999
19 0.733089 23.445088
20 0.680206 24.125294
21 0.736424 24.861718
22 0.659672 25.521390
23 0.650876 26.172266
24 0.955239 27.127505
25 0.665017 27.792522
26 0.658686 28.451208
27 0.726120 29.177328
28 0.872811 30.050139
29 0.954783 31.004922
30 0.665888 31.670810
31 0.687957 32.358767
32 0.994771 33.353538
33 0.705255 34.058793
34 1.058792 35.117585
35 0.668843 35.786428
36 0.675995 36.462423
37 0.984081 37.446504
38 0.701688 38.148192
39 0.662700 38.810892
40 1.043728 39.854620
41 0.663802 40.518422
42 0.923364 41.441786
43 0.643680 42.085466
44 0.657892 42.743358
45 0.735370 43.478728
46 0.685829 44.164557
47 0.722705 44.887262
48 0.726067 45.613329
49 0.895890 46.509219
50 0.650325 47.159544
51 0.725251 47.884795
52 0.662741 48.547536
53 0.661274 49.208810
54 0.652454 49.861264
55 0.720622 50.581886
56 0.664515 51.246401
57 0.742759 51.989160
58 0.662000 52.651160
59 0.669794 53.320954
60 0.763300 54.084254
61 0.656161 54.740415
62 0.665202 55.405617
63 0.727806 56.133423
64 0.649735 56.783158
65 0.914407 57.697565
66 0.737402 58.434967
67 0.914773 59.349740
68 0.814556 60.164296
69 0.748743 60.913039
70 0.917406 61.830445
71 0.648626 62.479071
72 0.652047 63.131118
73 0.722504 63.853622
74 0.773015 64.626637
75 0.679049 65.305686
76 0.748645 66.054331
77 0.982688 67.037019
78 0.658677 67.695696
79 0.739758 68.435454
80 0.670102 69.105556
81 0.898033 70.003589
82 0.744997 70.748586
83 0.656978 71.405564
84 0.653856 72.059420
85 0.805439 72.864859
86 0.673291 73.538150
87 0.890301 74.428451
88 0.748323 75.176774
89 0.914107 76.090881
90 0.670741 76.761622
91 0.710710 77.472332
92 0.763028 78.235360
93 0.871076 79.106436
94 0.687719 79.794155
95 0.896324 80.690479
96 0.667264 81.357743
97 0.703691 82.061434
98 0.756091 82.817525
99 0.772156 83.589681
100 0.715612 84.305293
101 0.786116 85.091409
102 0.764816 85.856225
103 0.813617 86.669842
104 0.797864 87.467706
105 0.742389 88.210095
106 0.669454 88.879549
107 0.658821 89.538370
108 0.673807 90.212177
109 0.913090 91.125267
110 0.678595 91.803862
111 0.692124 92.495986
112 0.805901 93.301887
113 0.653418 93.955305
114 0.660438 94.615743
115 0.834623 95.450366
116 0.740946 96.191312
117 0.682562 96.873874
118 0.664465 97.538339
119 0.748298 98.286637
120 0.652699 98.939336
121 0.673245 99.612581
122 0.861138 100.473719
123 0.816015 101.289734
124 0.653566 101.943300
125 0.675468 102.618768
126 0.654544 103.273312
127 0.738889 104.012201
128 0.680718 104.692919
129 0.692318 105.385237
130 0.730448 106.115685
131 1.012384 107.128069
132 0.679888 107.807957
133 0.672499 108.480456
134 1.008284 109.488740
135 0.831542 110.320282
136 0.679358 110.999640
137 0.995262 111.994902
138 0.758830 112.753732
139 0.660066 113.413798
140 0.862710 114.276508
141 0.822635 115.099143
142 0.767380 115.866523
143 0.719062 116.585585
144 0.686279 117.271864
145 0.682713 117.954577
146 0.753264 118.707841
147 0.662571 119.370412
148 0.719212 120.089624
149 0.836938 120.926562
150 0.745981 121.672543
151 0.918627 122.591170
152 0.659709 123.250879
153 0.714354 123.965233
154 0.792516 124.757749
155 0.965244 125.722993
156 0.891704 126.614697
157 0.681964 127.296661
158 0.934275 128.230936
159 0.792864 129.023800
160 0.685260 129.709060
161 0.681288 130.390348
162 0.683173 131.073521
163 0.773436 131.846957
164 0.715859 132.562816
165 0.682483 133.245299
166 1.216350 134.461649
167 0.779807 135.241456
168 0.827657 136.069113
169 0.679083 136.748196
170 0.723906 137.472102
171 0.774516 138.246618
172 0.951376 139.197994
173 0.705309 139.903303
174 0.726710 140.630013
175 1.081791 141.711804
176 0.740662 142.452466
177 0.878393 143.330859
178 0.866124 144.196983
179 0.673377 144.870360
180 0.868365 145.738725
181 0.680562 146.419287
182 0.823469 147.242756
183 0.719594 147.962350
184 0.948243 148.910593
185 0.707321 149.617914
186 0.671079 150.288993
187 1.004152 151.293145
188 0.664412 151.957557
189 0.988774 152.946331
190 0.764079 153.710410
191 0.714105 154.424515
192 0.663315 155.087830
193 0.779445 155.867275
194 0.661425 156.528700
195 0.667437 157.196137
196 0.671091 157.867228
197 0.758250 158.625478
198 0.665148 159.290626
199 0.687127 159.977753
200 0.854774 160.832527
201 0.691045 161.523572
202 0.929322 162.452894
203 0.663048 163.115942
204 0.671867 163.787809
205 0.659887 164.447696
206 0.672885 165.120581
207 0.865323 165.985904
208 0.694607 166.680511
209 0.684901 167.365412
210 0.871895 168.237307
211 0.711773 168.949080
212 0.784166 169.733246
213 0.698264 170.431510
214 1.213000 171.644510
215 0.867737 172.512247
216 0.943005 173.455252
217 0.790462 174.245714
218 0.715071 174.960785
219 0.694516 175.655301
220 0.904641 176.559942
221 0.707737 177.267679
222 0.806492 178.074171
223 0.691566 178.765737
224 0.687407 179.453144
225 0.749304 180.202448
226 0.792741 180.995189
227 0.715248 181.710437
228 0.692717 182.403154
229 0.690643 183.093797
230 0.685144 183.778941
231 0.869997 184.648938
232 0.790515 185.439453
233 0.730281 186.169734
234 0.718345 186.888079
235 0.727467 187.615546
236 0.825136 188.440682
237 0.712228 189.152910
238 0.697077 189.849987
239 0.687774 190.537761
240 0.859613 191.397374
241 0.696864 192.094238
242 0.817093 192.911331
243 0.689998 193.601329
244 1.233568 194.834897
245 0.692008 195.526905
246 0.856105 196.383010
247 0.813884 197.196894
248 0.973154 198.170048
249 0.693505 198.863553
250 0.754555 199.618108
251 0.961203 200.579311
252 0.797026 201.376337
253 0.926636 202.302973
254 0.703322 203.006295
255 0.687073 203.693368
256 0.703799 204.397167
257 0.709200 205.106367
258 0.792352 205.898719
259 0.852204 206.750923
260 0.876742 207.627665
261 0.884077 208.511742
262 0.684414 209.196156
263 0.791745 209.987901
264 0.810145 210.798046
265 0.696759 211.494805
266 0.718169 212.212974
267 0.700043 212.913017
268 0.707579 213.620596
269 0.999593 214.620189
270 0.972331 215.592520
271 0.711477 216.303997
272 0.673520 216.977517
273 0.716967 217.694484
274 0.958627 218.653111
275 0.704690 219.357801
276 0.684307 220.042108
277 0.669516 220.711624
278 0.660246 221.371870
279 0.716991 222.088861
280 1.084674 223.173535
281 0.662860 223.836395
282 0.661294 224.497689
283 0.880367 225.378056
284 0.918466 226.296522
285 0.778197 227.074719
286 0.684960 227.759679
287 0.669105 228.428784
288 1.599072 230.027856
289 0.694165 230.722021
290 0.769791 231.491812
291 0.797388 232.289200
292 0.665496 232.954696
293 0.667521 233.622217
294 0.678247 234.300464
295 0.873942 235.174406
296 0.815001 235.989407
297 0.699334 236.688741
298 0.684609 237.373350
299 0.689149 238.062499
300 0.723045 238.785544
301 0.758486 239.544030
302 1.001149 240.545179
303 0.715806 241.260985
304 0.686465 241.947450
305 0.696838 242.644288
306 0.962057 243.606345
done 306 0.316839 243.923184
