# instance assign_to_us-mid1.pn
# Settings: Namespace(PN='../../../instances/hadoop/hadoop_extra/us-mid1.pn', VDC_LIST='../../../instances/hadoop/instance_list_hadoop_8vm_rnd.txt', affinity=False, affinity_soft=True, allow_virtual_switches_in_switches=True, anti_affinity=False, assert_all_physical_edges=False, binary_search=True, bitblast_addition=False, bitblast_addition_shadow=False, configured=True, conflict_limit=-1, deallocate_prob=0, debug=False, decide_opt_lits=True, directed_links=False, flush_pb_theory=False, force_virtual_switches=False, ignore_ram_constraints=False, ignore_storage_constraints=True, ijcai_settings=False, intrinsic_edge_constraints=False, intrinsic_edge_sets=True, logfile=None, max_cores=8, max_ram=16, max_storage=1, max_vms=8, min_cores=False, min_servers=False, opt_conflict_limit=0, opt_detect_sat=False, opt_time_limit=-1, output=None, popcount='BV', prop_assumps=True, refine_flow=True, remove_all_flow_cycles=False, remove_flow_cycles=False, remove_flow_cycles_python=False, rnd_restart=True, rnd_theory_freq=0.99, rnd_theory_order=False, separate_reach_constraints=False, static_flow_caps=True, theory_order_vsids=True, timelog='timelogs/config_results_vdcmapper_hadoop_us_mid1_8vm', tree_addition=True, use_cover_for_refinement=True, use_min_cost_max_flow=False, vsids_balance=1, vsids_both=True)
init 4.607158 4.607158
1 3.570898 8.178056
2 0.605296 8.783352
3 0.554174 9.337526
4 0.531500 9.869026
5 0.602948 10.471974
6 0.724019 11.195993
7 0.627207 11.823200
8 0.761831 12.585031
9 0.699071 13.284102
10 0.608241 13.892343
11 0.663226 14.555569
12 0.655265 15.210834
13 0.609286 15.820120
14 0.607881 16.428001
15 0.625155 17.053156
16 0.666789 17.719945
17 0.848133 18.568078
18 0.540594 19.108672
19 2.290147 21.398819
20 0.876332 22.275151
21 0.590749 22.865900
22 1.290301 24.156201
23 0.533883 24.690084
24 0.914318 25.604402
25 0.616599 26.221001
26 0.740417 26.961418
27 0.564562 27.525980
28 0.834285 28.360265
29 0.577540 28.937805
30 0.777868 29.715673
31 0.805657 30.521330
32 0.567534 31.088864
33 0.990301 32.079165
34 1.025299 33.104464
35 0.740121 33.844585
36 0.887290 34.731875
37 3.822242 38.554117
38 0.697571 39.251688
39 2.226437 41.478125
40 2.721432 44.199557
41 0.659942 44.859499
42 0.571613 45.431112
43 0.667408 46.098520
44 0.615498 46.714018
45 0.581763 47.295781
46 4.150610 51.446391
47 0.735814 52.182205
48 0.721539 52.903744
49 0.786567 53.690311
50 0.664776 54.355087
51 0.906099 55.261186
52 0.860896 56.122082
53 0.850482 56.972564
54 0.797518 57.770082
55 0.667661 58.437743
56 0.815105 59.252848
57 0.640622 59.893470
58 0.696804 60.590274
59 0.768610 61.358884
60 0.725091 62.083975
61 0.977350 63.061325
62 0.888788 63.950113
63 0.741571 64.691684
64 0.850942 65.542626
65 0.718350 66.260976
66 0.709443 66.970419
67 0.897742 67.868161
68 0.749252 68.617413
69 0.649268 69.266681
70 0.623994 69.890675
71 6.957441 76.848116
72 2.164534 79.012650
73 1.918331 80.930981
74 0.618135 81.549116
75 0.641504 82.190620
76 0.856753 83.047373
77 0.592230 83.639603
78 0.773149 84.412752
79 0.962198 85.374950
80 0.591884 85.966834
81 0.782084 86.748918
82 4.383898 91.132816
83 0.585270 91.718086
84 0.779315 92.497401
85 5.417343 97.914744
86 1.042229 98.956973
87 0.616428 99.573401
88 0.590549 100.163950
89 0.716339 100.880289
90 0.659462 101.539751
91 0.679433 102.219184
92 0.909028 103.128212
done 92 0.254168 103.382380
