# instance assign_to_us-west1.pn
# Settings: Namespace(PN='../../../instances/hadoop/hadoop_extra/us-west1.pn', VDC_LIST='../../../instances/hadoop/instance_list_hadoop_8vm_rnd.txt', affinity=False, affinity_soft=True, allow_virtual_switches_in_switches=True, anti_affinity=False, assert_all_physical_edges=False, binary_search=True, bitblast_addition=False, bitblast_addition_shadow=False, configured=True, conflict_limit=-1, deallocate_prob=0, debug=False, decide_opt_lits=True, directed_links=False, flush_pb_theory=False, force_virtual_switches=False, ignore_ram_constraints=False, ignore_storage_constraints=True, ijcai_settings=False, intrinsic_edge_constraints=False, intrinsic_edge_sets=True, logfile=None, max_cores=8, max_ram=16, max_storage=1, max_vms=8, min_cores=False, min_servers=False, opt_conflict_limit=0, opt_detect_sat=False, opt_time_limit=-1, output=None, popcount='BV', prop_assumps=True, refine_flow=True, remove_all_flow_cycles=False, remove_flow_cycles=False, remove_flow_cycles_python=False, rnd_restart=True, rnd_theory_freq=0.99, rnd_theory_order=False, separate_reach_constraints=False, static_flow_caps=True, theory_order_vsids=True, timelog='timelogs/config_results_vdcmapper_hadoop_us_west1_8vm', tree_addition=True, use_cover_for_refinement=True, use_min_cost_max_flow=False, vsids_balance=1, vsids_both=True)
init 14.654107 14.654107
1 11.987597 26.641704
2 2.033354 28.675058
3 2.605730 31.280788
4 2.176351 33.457139
5 2.969840 36.426979
6 5.200255 41.627234
7 3.261668 44.888902
8 2.830027 47.718929
9 4.747616 52.466545
10 2.174638 54.641183
11 1.819255 56.460438
12 1.899912 58.360350
13 2.647209 61.007559
14 1.868230 62.875789
15 6.239634 69.115423
16 2.199785 71.315208
17 2.317258 73.632466
18 2.514080 76.146546
19 4.213729 80.360275
20 2.482645 82.842920
21 1.846245 84.689165
22 4.844059 89.533224
23 2.247289 91.780513
24 2.001172 93.781685
25 3.019538 96.801223
26 3.221402 100.022625
27 3.024638 103.047263
28 1.905644 104.952907
29 2.565713 107.518620
30 3.723177 111.241797
31 2.363533 113.605330
32 2.514003 116.119333
33 2.227325 118.346658
34 2.601032 120.947690
35 2.176902 123.124592
36 1.876294 125.000886
37 3.177835 128.178721
38 2.244060 130.422781
39 4.122652 134.545433
40 16.083636 150.629069
41 1.986415 152.615484
42 2.467152 155.082636
43 1.846194 156.928830
44 2.800192 159.729022
45 1.992811 161.721833
46 23.988143 185.709976
47 2.395419 188.105395
48 3.078612 191.184007
49 1.834578 193.018585
50 1.961616 194.980201
51 1.825618 196.805819
52 5.627546 202.433365
53 3.491468 205.924833
54 1.931396 207.856229
55 2.126629 209.982858
56 2.180218 212.163076
57 2.166647 214.329723
58 3.211836 217.541559
59 6.927899 224.469458
60 1.892497 226.361955
61 2.643672 229.005627
62 2.715990 231.721617
63 2.772313 234.493930
64 1.975054 236.468984
65 2.623453 239.092437
66 2.045995 241.138432
67 3.119575 244.258007
68 2.903208 247.161215
69 2.436118 249.597333
70 2.093694 251.691027
71 29.101104 280.792131
72 2.851692 283.643823
73 3.463700 287.107523
74 2.137085 289.244608
75 3.171348 292.415956
76 2.703395 295.119351
77 5.587932 300.707283
78 1.864710 302.571993
79 11.012308 313.584301
80 3.140607 316.724908
81 2.413372 319.138280
82 3.921456 323.059736
83 2.002390 325.062126
84 2.056250 327.118376
85 8.410157 335.528533
86 13.256974 348.785507
87 2.325093 351.110600
88 2.587435 353.698035
89 2.058981 355.757016
90 3.143406 358.900422
91 2.353650 361.254072
92 3.167279 364.421351
93 2.807368 367.228719
94 3.283744 370.512463
95 2.121500 372.633963
96 2.371687 375.005650
97 3.509869 378.515519
98 1.884689 380.400208
99 1.896211 382.296419
100 2.015633 384.312052
101 2.572104 386.884156
102 1.881110 388.765266
103 2.481684 391.246950
104 2.158373 393.405323
105 2.502755 395.908078
106 1.851096 397.759174
107 1.899616 399.658790
108 2.117739 401.776529
109 1.924849 403.701378
110 2.406182 406.107560
111 2.018267 408.125827
112 3.380289 411.506116
113 2.941985 414.448101
114 2.239467 416.687568
115 2.073647 418.761215
116 1.855913 420.617128
117 2.400365 423.017493
118 2.130475 425.147968
119 2.038375 427.186343
120 3.166762 430.353105
121 2.828017 433.181122
122 23.203767 456.384889
123 1.874508 458.259397
124 2.949340 461.208737
125 2.119076 463.327813
126 2.721269 466.049082
127 3.197655 469.246737
128 2.031291 471.278028
129 2.670594 473.948622
130 4.064986 478.013608
131 1.934638 479.948246
132 2.062303 482.010549
133 1.892280 483.902829
134 2.213862 486.116691
135 3.191574 489.308265
136 1.908114 491.216379
137 1.860187 493.076566
138 15.098131 508.174697
139 15.121703 523.296400
140 3.171049 526.467449
141 2.162076 528.629525
142 2.307234 530.936759
143 2.483237 533.419996
144 2.106958 535.526954
145 4.035183 539.562137
146 2.158530 541.720667
147 2.284243 544.004910
148 2.713061 546.717971
149 4.112737 550.830708
150 2.511605 553.342313
151 2.740493 556.082806
152 2.005880 558.088686
153 2.083742 560.172428
154 3.231750 563.404178
155 2.074220 565.478398
156 2.250377 567.728775
157 42.954638 610.683413
158 2.520990 613.204403
159 2.217150 615.421553
160 3.155423 618.576976
161 7.820137 626.397113
162 2.160490 628.557603
163 3.959093 632.516696
164 3.440719 635.957415
165 2.118344 638.075759
166 2.321461 640.397220
167 1.897678 642.294898
168 3.152045 645.446943
169 2.943250 648.390193
170 2.832264 651.222457
171 2.504964 653.727421
172 22.245917 675.973338
173 21.820019 697.793357
174 2.703499 700.496856
175 2.999881 703.496737
176 2.015579 705.512316
177 2.680806 708.193122
178 3.614418 711.807540
179 2.784665 714.592205
180 1.946093 716.538298
181 2.141495 718.679793
182 2.893437 721.573230
183 3.194231 724.767461
184 2.994412 727.761873
185 2.512369 730.274242
186 2.488178 732.762420
187 2.268804 735.031224
188 11.010353 746.041577
189 2.337705 748.379282
190 2.313393 750.692675
191 2.873969 753.566644
192 2.752298 756.318942
193 3.128638 759.447580
194 2.444120 761.891700
195 1.992619 763.884319
196 3.884943 767.769262
197 1.940631 769.709893
198 3.081749 772.791642
199 16.424741 789.216383
200 2.174580 791.390963
201 2.706048 794.097011
202 2.357582 796.454593
203 4.860783 801.315376
204 3.011651 804.327027
205 2.197068 806.524095
206 2.796591 809.320686
207 3.020836 812.341522
208 2.971113 815.312635
209 2.857428 818.170063
210 2.121734 820.291797
211 2.592955 822.884752
212 3.155448 826.040200
213 2.331498 828.371698
214 2.914589 831.286287
215 11.106073 842.392360
216 38.688977 881.081337
217 3.119076 884.200413
218 2.872964 887.073377
219 2.488947 889.562324
220 6.837520 896.399844
221 2.915902 899.315746
222 2.410765 901.726511
223 2.590046 904.316557
224 3.217641 907.534198
225 2.534046 910.068244
226 3.767406 913.835650
227 2.147748 915.983398
228 4.204043 920.187441
229 2.656996 922.844437
230 2.867946 925.712383
231 2.547639 928.260022
232 2.546135 930.806157
233 3.454444 934.260601
234 14.751598 949.012199
235 2.320614 951.332813
236 2.070810 953.403623
237 2.741474 956.145097
238 2.021746 958.166843
239 2.967564 961.134407
240 2.433533 963.567940
241 2.804123 966.372063
242 1.917826 968.289889
243 2.807960 971.097849
244 1.985396 973.083245
245 23.918081 997.001326
246 2.387379 999.388705
247 3.731858 1003.120563
248 8.024944 1011.145507
249 1.923212 1013.068719
250 4.054751 1017.123470
251 20.117872 1037.241342
252 2.523107 1039.764449
253 2.089142 1041.853591
254 2.081146 1043.934737
255 2.387280 1046.322017
256 2.819327 1049.141344
257 2.310004 1051.451348
258 1.920034 1053.371382
259 2.702467 1056.073849
260 2.915069 1058.988918
261 2.116177 1061.105095
262 2.611359 1063.716454
263 2.225409 1065.941863
264 2.829818 1068.771681
265 2.559704 1071.331385
266 2.363926 1073.695311
267 1.963419 1075.658730
268 2.112808 1077.771538
269 2.097220 1079.868758
270 2.194906 1082.063664
271 2.044392 1084.108056
272 2.655934 1086.763990
273 2.233342 1088.997332
274 4.836480 1093.833812
275 26.644905 1120.478717
276 2.975142 1123.453859
277 2.226509 1125.680368
278 1.920305 1127.600673
279 2.278594 1129.879267
280 9.118546 1138.997813
281 2.862430 1141.860243
282 17.706311 1159.566554
283 5.749028 1165.315582
284 1.895560 1167.211142
285 4.066564 1171.277706
done 285 1.704672 1172.982378
