# instance assign_to_us-west1.pn
# Settings: Namespace(PN='../../../instances/hadoop/hadoop_extra/us-west1.pn', VDC_LIST='../../../instances/hadoop/instance_list_hadoop_10vm_rnd.txt', affinity=False, affinity_soft=True, allow_virtual_switches_in_switches=True, anti_affinity=False, assert_all_physical_edges=False, binary_search=True, bitblast_addition=False, bitblast_addition_shadow=False, configured=True, conflict_limit=-1, deallocate_prob=0, debug=False, decide_opt_lits=True, directed_links=False, flush_pb_theory=False, force_virtual_switches=False, ignore_ram_constraints=False, ignore_storage_constraints=True, ijcai_settings=False, intrinsic_edge_constraints=False, intrinsic_edge_sets=True, logfile=None, max_cores=8, max_ram=16, max_storage=1, max_vms=10, min_cores=False, min_servers=False, opt_conflict_limit=0, opt_detect_sat=False, opt_time_limit=-1, output=None, popcount='BV', prop_assumps=True, refine_flow=True, remove_all_flow_cycles=False, remove_flow_cycles=False, remove_flow_cycles_python=False, rnd_restart=True, rnd_theory_freq=0.99, rnd_theory_order=False, separate_reach_constraints=False, static_flow_caps=True, theory_order_vsids=True, timelog='timelogs/config_results_vdcmapper_hadoop_us_west1_10vm', tree_addition=True, use_cover_for_refinement=True, use_min_cost_max_flow=False, vsids_balance=1, vsids_both=True)
init 18.981353 18.981353
1 12.494762 31.476115
2 2.409136 33.885251
3 2.322198 36.207449
4 2.249786 38.457235
5 3.217718 41.674953
6 2.571436 44.246389
7 2.740385 46.986774
8 4.501949 51.488723
9 3.569758 55.058481
10 3.471124 58.529605
11 2.525713 61.055318
12 2.604887 63.660205
13 3.605753 67.265958
14 3.654161 70.920119
15 3.329587 74.249706
16 4.566471 78.816177
17 3.046345 81.862522
18 3.348287 85.210809
19 4.413410 89.624219
20 2.423617 92.047836
21 2.717345 94.765181
22 3.126466 97.891647
23 2.896069 100.787716
24 3.658379 104.446095
25 4.286585 108.732680
26 2.293582 111.026262
27 2.374952 113.401214
28 2.313369 115.714583
29 2.480820 118.195403
30 4.750299 122.945702
31 2.776525 125.722227
32 4.318413 130.040640
33 2.812460 132.853100
34 3.939292 136.792392
35 3.043872 139.836264
36 2.339779 142.176043
37 3.142900 145.318943
38 2.932254 148.251197
39 3.706338 151.957535
40 8.410400 160.367935
41 3.325153 163.693088
42 2.326948 166.020036
43 3.437130 169.457166
44 3.932885 173.390051
45 5.557007 178.947058
46 2.162844 181.109902
47 3.188977 184.298879
48 3.111453 187.410332
49 3.933335 191.343667
50 2.219807 193.563474
51 3.116441 196.679915
52 5.350832 202.030747
53 3.783069 205.813816
54 2.940984 208.754800
55 4.211507 212.966307
56 2.665738 215.632045
57 2.871044 218.503089
58 3.014317 221.517406
59 2.577194 224.094600
60 3.696012 227.790612
61 3.699206 231.489818
62 3.335930 234.825748
63 4.136684 238.962432
64 3.473957 242.436389
65 3.126836 245.563225
66 2.250044 247.813269
67 10.817201 258.630470
68 2.670339 261.300809
69 2.948285 264.249094
70 3.139312 267.388406
71 4.154759 271.543165
72 2.583836 274.127001
73 2.617430 276.744431
74 3.551381 280.295812
75 2.738101 283.033913
76 4.205929 287.239842
77 2.534836 289.774678
78 2.750262 292.524940
79 3.438782 295.963722
80 3.092710 299.056432
81 3.830684 302.887116
82 3.414723 306.301839
83 2.511816 308.813655
84 4.194973 313.008628
85 3.903738 316.912366
86 3.397681 320.310047
87 2.894828 323.204875
88 3.739264 326.944139
89 2.591164 329.535303
90 13.145681 342.680984
91 3.555261 346.236245
92 3.708509 349.944754
93 3.836881 353.781635
94 3.240903 357.022538
95 2.901730 359.924268
96 2.681432 362.605700
97 5.271626 367.877326
98 2.524259 370.401585
99 10.048543 380.450128
100 3.380590 383.830718
101 2.648429 386.479147
102 2.809852 389.288999
103 2.962995 392.251994
104 2.357190 394.609184
105 6.032148 400.641332
106 3.309080 403.950412
107 3.019923 406.970335
108 4.333565 411.303900
109 3.019294 414.323194
110 6.387042 420.710236
111 5.081743 425.791979
112 2.397384 428.189363
113 2.681716 430.871079
114 2.688014 433.559093
115 2.887565 436.446658
116 2.324064 438.770722
117 6.406714 445.177436
118 2.649668 447.827104
119 3.095384 450.922488
120 7.229725 458.152213
121 3.816232 461.968445
122 2.305034 464.273479
123 9.939833 474.213312
124 3.549014 477.762326
125 2.540160 480.302486
126 2.848864 483.151350
127 10.376559 493.527909
128 7.397537 500.925446
129 2.548895 503.474341
130 3.829602 507.303943
131 6.377446 513.681389
132 2.419642 516.101031
133 5.513665 521.614696
134 2.287250 523.901946
135 4.072991 527.974937
136 2.231522 530.206459
137 6.646191 536.852650
138 7.402938 544.255588
139 3.861538 548.117126
140 2.539971 550.657097
141 2.500453 553.157550
142 3.597108 556.754658
143 3.432819 560.187477
144 2.429227 562.616704
145 3.627679 566.244383
146 2.339742 568.584125
147 2.692600 571.276725
148 2.604663 573.881388
149 2.471883 576.353271
150 3.492970 579.846241
151 2.640436 582.486677
152 3.178301 585.664978
153 2.575444 588.240422
154 3.184388 591.424810
155 2.570240 593.995050
156 3.293600 597.288650
157 3.761641 601.050291
158 2.551270 603.601561
159 2.449526 606.051087
160 2.387268 608.438355
161 3.911227 612.349582
162 4.029517 616.379099
163 3.577842 619.956941
164 2.353965 622.310906
165 2.849812 625.160718
166 3.043863 628.204581
167 4.530298 632.734879
168 2.449819 635.184698
169 7.258472 642.443170
170 3.179210 645.622380
171 4.648155 650.270535
172 3.372126 653.642661
173 3.709323 657.351984
174 2.322334 659.674318
175 3.220188 662.894506
176 2.375758 665.270264
177 8.528672 673.798936
178 3.680402 677.479338
179 2.763654 680.242992
180 3.329294 683.572286
181 4.275990 687.848276
182 4.266185 692.114461
183 3.417365 695.531826
184 2.298311 697.830137
185 3.344212 701.174349
186 2.934677 704.109026
187 2.366017 706.475043
188 3.119117 709.594160
189 4.357623 713.951783
190 24.980013 738.931796
191 3.774126 742.705922
192 3.342674 746.048596
193 4.044371 750.092967
194 2.859653 752.952620
195 3.612424 756.565044
196 2.426764 758.991808
197 2.337679 761.329487
198 10.277373 771.606860
199 5.695382 777.302242
200 3.593924 780.896166
201 3.916777 784.812943
202 3.644442 788.457385
203 4.163112 792.620497
204 3.561627 796.182124
205 2.437066 798.619190
206 3.902111 802.521301
207 4.055386 806.576687
208 9.216969 815.793656
done 208 8.617003 824.410659
