# instance assign_to_us-west1.pn
# Settings: Namespace(PN='../../../instances/hadoop/hadoop_extra/us-west1.pn', VDC_LIST='../../../instances/hadoop/instance_list_hadoop_4vm_rnd.txt', affinity=False, affinity_soft=True, allow_virtual_switches_in_switches=True, anti_affinity=False, assert_all_physical_edges=False, binary_search=True, bitblast_addition=False, bitblast_addition_shadow=False, configured=True, conflict_limit=-1, deallocate_prob=0, debug=False, decide_opt_lits=True, directed_links=False, flush_pb_theory=False, force_virtual_switches=False, ignore_ram_constraints=False, ignore_storage_constraints=True, ijcai_settings=False, intrinsic_edge_constraints=False, intrinsic_edge_sets=True, logfile=None, max_cores=8, max_ram=16, max_storage=1, max_vms=4, min_cores=False, min_servers=False, opt_conflict_limit=0, opt_detect_sat=False, opt_time_limit=-1, output=None, popcount='BV', prop_assumps=True, refine_flow=True, remove_all_flow_cycles=False, remove_flow_cycles=False, remove_flow_cycles_python=False, rnd_restart=True, rnd_theory_freq=0.99, rnd_theory_order=False, separate_reach_constraints=False, static_flow_caps=True, theory_order_vsids=True, timelog='timelogs/config_results_vdcmapper_hadoop_us_west1_4vm', tree_addition=True, use_cover_for_refinement=True, use_min_cost_max_flow=False, vsids_balance=1, vsids_both=True)
init 7.584200 7.584200
1 6.995855 14.580055
2 1.004232 15.584287
3 1.277726 16.862013
4 1.057318 17.919331
5 1.297361 19.216692
6 1.072402 20.289094
7 1.089851 21.378945
8 1.008420 22.387365
9 1.139864 23.527229
10 1.013802 24.541031
11 1.348859 25.889890
12 1.507498 27.397388
13 1.173086 28.570474
14 1.119744 29.690218
15 1.351322 31.041540
16 1.029282 32.070822
17 1.135651 33.206473
18 1.037505 34.243978
19 1.809461 36.053439
20 1.533478 37.586917
21 1.056153 38.643070
22 1.162706 39.805776
23 1.073401 40.879177
24 2.825887 43.705064
25 1.153773 44.858837
26 1.439935 46.298772
27 1.156465 47.455237
28 1.398680 48.853917
29 1.170486 50.024403
30 1.058712 51.083115
31 1.187020 52.270135
32 1.059781 53.329916
33 1.084062 54.413978
34 1.174159 55.588137
35 1.144794 56.732931
36 1.197050 57.929981
37 1.179775 59.109756
38 1.171947 60.281703
39 1.088195 61.369898
40 1.081681 62.451579
41 1.156265 63.607844
42 1.595516 65.203360
43 1.131324 66.334684
44 1.049073 67.383757
45 1.029034 68.412791
46 1.165318 69.578109
47 1.491145 71.069254
48 1.037319 72.106573
49 1.130688 73.237261
50 1.061027 74.298288
51 1.379019 75.677307
52 1.196027 76.873334
53 1.286782 78.160116
54 1.166669 79.326785
55 1.036499 80.363284
56 1.267140 81.630424
57 1.130091 82.760515
58 1.082109 83.842624
59 1.039012 84.881636
60 1.137549 86.019185
61 1.290885 87.310070
62 1.156422 88.466492
63 1.298036 89.764528
64 1.307616 91.072144
65 1.841448 92.913592
66 1.130448 94.044040
67 1.109806 95.153846
68 1.549976 96.703822
69 1.094087 97.797909
70 1.996361 99.794270
71 1.151962 100.946232
72 1.073089 102.019321
73 1.275050 103.294371
74 1.425515 104.719886
75 1.350117 106.070003
76 1.167569 107.237572
77 1.426944 108.664516
78 1.057119 109.721635
79 1.035224 110.756859
80 1.133454 111.890313
81 1.357444 113.247757
82 1.151909 114.399666
83 1.303719 115.703385
84 1.276107 116.979492
85 1.168515 118.148007
86 1.029910 119.177917
87 1.273490 120.451407
88 1.902807 122.354214
89 1.079232 123.433446
90 1.052493 124.485939
91 1.055177 125.541116
92 1.146382 126.687498
93 1.067902 127.755400
94 1.362198 129.117598
95 1.425847 130.543445
96 1.036491 131.579936
97 1.360262 132.940198
98 1.141814 134.082012
99 1.026383 135.108395
100 1.060157 136.168552
101 2.838554 139.007106
102 1.691156 140.698262
103 1.507053 142.205315
104 1.144559 143.349874
105 1.295666 144.645540
106 1.072947 145.718487
107 1.491168 147.209655
108 1.081084 148.290739
109 1.266913 149.557652
110 1.154722 150.712374
111 1.056227 151.768601
112 1.639990 153.408591
113 1.062559 154.471150
114 1.153112 155.624262
115 1.264998 156.889260
116 1.034931 157.924191
117 1.152455 159.076646
118 1.108940 160.185586
119 1.046717 161.232303
120 1.153780 162.386083
121 1.428130 163.814213
122 1.413791 165.228004
123 1.188412 166.416416
124 1.353043 167.769459
125 1.039767 168.809226
126 1.109048 169.918274
127 2.242015 172.160289
128 1.049413 173.209702
129 1.310086 174.519788
130 1.323929 175.843717
131 1.172295 177.016012
132 1.554204 178.570216
133 1.207683 179.777899
134 1.573206 181.351105
135 1.047604 182.398709
136 1.048352 183.447061
137 1.229084 184.676145
138 1.061622 185.737767
139 1.064018 186.801785
140 1.279619 188.081404
141 1.166639 189.248043
142 1.044369 190.292412
143 1.175025 191.467437
144 1.169925 192.637362
145 1.632043 194.269405
146 1.427596 195.697001
147 1.085247 196.782248
148 1.431751 198.213999
149 1.335373 199.549372
150 1.084315 200.633687
151 1.487529 202.121216
152 1.172002 203.293218
153 1.414269 204.707487
154 1.086458 205.793945
155 1.045455 206.839400
156 1.355374 208.194774
157 1.046675 209.241449
158 1.503868 210.745317
159 1.243048 211.988365
160 1.067201 213.055566
161 1.049527 214.105093
162 1.037753 215.142846
163 1.171361 216.314207
164 1.048847 217.363054
165 1.120007 218.483061
166 1.053262 219.536323
167 1.206046 220.742369
168 1.411369 222.153738
169 1.043234 223.196972
170 1.439899 224.636871
171 1.195159 225.832030
172 1.073882 226.905912
173 2.120150 229.026062
174 1.108364 230.134426
175 2.126750 232.261176
176 1.080270 233.341446
177 1.613528 234.954974
178 1.419559 236.374533
179 1.246198 237.620731
180 1.106240 238.726971
181 1.117114 239.844085
182 1.547288 241.391373
183 1.049378 242.440751
184 1.447734 243.888485
185 1.078959 244.967444
186 1.155788 246.123232
187 1.621209 247.744441
188 1.070982 248.815423
189 1.317630 250.133053
190 1.063879 251.196932
191 1.380240 252.577172
192 1.213653 253.790825
193 1.322839 255.113664
194 1.076786 256.190450
195 1.099986 257.290436
196 1.190242 258.480678
197 1.081684 259.562362
198 1.083254 260.645616
199 1.075273 261.720889
200 1.195951 262.916840
201 1.129958 264.046798
202 1.057815 265.104613
203 1.415160 266.519773
204 1.078511 267.598284
205 1.206505 268.804789
206 1.052756 269.857545
207 1.110575 270.968120
208 1.113024 272.081144
209 1.245308 273.326452
210 1.087310 274.413762
211 1.071521 275.485283
212 1.050264 276.535547
213 1.196672 277.732219
214 1.154062 278.886281
215 1.161779 280.048060
216 1.177061 281.225121
217 1.119417 282.344538
218 1.201141 283.545679
219 1.059497 284.605176
220 1.695444 286.300620
221 1.551055 287.851675
222 1.169563 289.021238
223 1.200742 290.221980
224 1.360348 291.582328
225 1.093186 292.675514
226 1.469213 294.144727
227 1.298274 295.443001
228 1.447142 296.890143
229 1.078781 297.968924
230 1.069046 299.037970
231 1.395356 300.433326
232 1.220072 301.653398
233 1.458366 303.111764
234 1.080003 304.191767
235 1.112571 305.304338
236 1.296093 306.600431
237 1.121495 307.721926
238 1.092478 308.814404
239 1.084373 309.898777
240 1.075535 310.974312
241 1.309813 312.284125
242 1.078389 313.362514
243 1.123772 314.486286
244 1.079371 315.565657
245 1.123054 316.688711
246 1.258852 317.947563
247 1.072845 319.020408
248 1.336367 320.356775
249 1.127335 321.484110
250 1.241682 322.725792
251 1.343670 324.069462
252 1.088939 325.158401
253 1.109718 326.268119
254 1.110567 327.378686
255 1.237958 328.616644
256 1.071278 329.687922
257 1.076744 330.764666
258 1.387556 332.152222
259 1.420473 333.572695
260 1.781905 335.354600
261 1.100357 336.454957
262 1.082962 337.537919
263 1.110955 338.648874
264 1.073937 339.722811
265 1.214963 340.937774
266 1.167085 342.104859
267 1.090611 343.195470
268 1.470841 344.666311
269 1.696318 346.362629
270 1.259935 347.622564
271 1.068041 348.690605
272 1.067554 349.758159
273 1.096308 350.854467
274 1.789214 352.643681
275 1.090851 353.734532
276 1.239591 354.974123
277 1.073181 356.047304
278 1.064669 357.111973
279 1.085271 358.197244
280 1.133055 359.330299
281 1.341289 360.671588
282 1.552144 362.223732
283 1.143581 363.367313
284 1.455497 364.822810
285 1.123833 365.946643
286 1.266149 367.212792
287 1.087654 368.300446
288 1.464170 369.764616
289 1.481100 371.245716
290 1.333835 372.579551
291 1.099127 373.678678
292 1.454388 375.133066
293 1.464831 376.597897
294 1.081193 377.679090
295 1.117455 378.796545
296 1.118530 379.915075
297 1.531993 381.447068
298 1.097435 382.544503
299 1.212901 383.757404
300 1.168746 384.926150
301 1.421601 386.347751
302 1.275158 387.622909
303 1.543290 389.166199
304 1.112135 390.278334
305 1.127904 391.406238
306 1.095234 392.501472
307 1.075458 393.576930
308 1.256772 394.833702
309 1.738326 396.572028
310 1.098170 397.670198
311 1.117133 398.787331
312 1.384851 400.172182
313 1.356740 401.528922
314 1.364209 402.893131
315 1.106242 403.999373
316 1.115394 405.114767
317 1.367429 406.482196
318 1.497383 407.979579
319 1.252383 409.231962
320 1.099117 410.331079
321 1.515097 411.846176
322 1.127960 412.974136
323 1.088286 414.062422
324 1.078183 415.140605
325 1.243142 416.383747
326 1.123072 417.506819
327 1.103729 418.610548
328 1.746072 420.356620
329 1.116972 421.473592
330 1.282816 422.756408
331 1.388911 424.145319
332 1.246293 425.391612
333 1.105448 426.497060
334 1.101968 427.599028
335 1.100749 428.699777
336 2.010188 430.709965
337 1.088475 431.798440
338 1.186469 432.984909
339 1.112607 434.097516
340 1.195929 435.293445
341 1.105446 436.398891
342 1.869857 438.268748
343 1.068258 439.337006
344 1.480569 440.817575
345 1.104060 441.921635
346 1.080053 443.001688
347 1.551792 444.553480
348 1.229305 445.782785
349 1.127524 446.910309
350 1.079063 447.989372
351 1.105370 449.094742
352 1.112736 450.207478
353 1.066472 451.273950
354 1.420644 452.694594
355 1.415965 454.110559
356 1.268144 455.378703
357 1.090600 456.469303
358 1.221547 457.690850
359 1.319586 459.010436
360 1.073783 460.084219
361 2.592938 462.677157
362 1.155949 463.833106
363 1.092404 464.925510
364 1.107779 466.033289
365 1.097087 467.130376
366 1.077167 468.207543
367 1.252203 469.459746
368 1.369622 470.829368
369 1.230646 472.060014
370 1.426114 473.486128
371 1.704994 475.191122
372 1.123425 476.314547
373 1.261584 477.576131
374 1.248821 478.824952
375 1.168084 479.993036
376 1.387386 481.380422
377 1.098972 482.479394
378 1.198081 483.677475
379 1.382022 485.059497
380 1.264392 486.323889
381 1.458664 487.782553
382 1.115826 488.898379
383 1.100293 489.998672
384 1.262504 491.261176
385 1.476932 492.738108
386 1.907057 494.645165
387 1.096781 495.741946
388 1.421787 497.163733
389 1.099493 498.263226
390 1.105573 499.368799
391 1.371970 500.740769
392 1.096763 501.837532
393 1.746679 503.584211
394 1.119268 504.703479
395 1.544627 506.248106
396 1.089648 507.337754
397 1.121441 508.459195
398 1.112990 509.572185
399 1.520166 511.092351
400 1.543141 512.635492
401 1.097137 513.732629
402 1.094018 514.826647
403 1.368199 516.194846
404 1.096388 517.291234
405 1.378576 518.669810
406 1.311453 519.981263
407 1.465209 521.446472
408 1.314669 522.761141
409 1.161885 523.923026
410 1.265089 525.188115
411 1.102803 526.290918
412 1.086309 527.377227
413 1.272257 528.649484
414 1.140865 529.790349
415 1.111580 530.901929
416 1.094700 531.996629
417 1.098510 533.095139
418 1.131111 534.226250
419 1.080595 535.306845
420 1.274027 536.580872
421 1.100547 537.681419
422 1.122092 538.803511
423 1.133265 539.936776
424 1.186729 541.123505
425 1.316918 542.440423
426 1.124596 543.565019
427 1.332971 544.897990
428 1.080125 545.978115
429 1.115004 547.093119
430 1.112846 548.205965
431 1.441128 549.647093
432 1.513903 551.160996
433 1.398406 552.559402
434 1.665468 554.224870
435 1.085797 555.310667
436 1.096101 556.406768
437 1.112914 557.519682
438 1.581596 559.101278
439 1.430677 560.531955
440 1.110782 561.642737
441 1.298617 562.941354
442 1.098695 564.040049
443 1.097706 565.137755
444 1.166342 566.304097
445 1.292295 567.596392
446 1.109618 568.706010
447 1.168990 569.875000
448 1.086033 570.961033
449 1.292038 572.253071
450 1.102977 573.356048
451 1.111684 574.467732
452 1.098834 575.566566
453 1.102504 576.669070
454 1.114451 577.783521
455 1.087101 578.870622
456 1.890385 580.761007
457 1.123866 581.884873
458 1.344856 583.229729
459 1.204281 584.434010
460 1.111083 585.545093
461 1.134492 586.679585
done 461 0.505796 587.185381
