# instance assign_to_us-mid1.pn
# Settings: Namespace(PN='../../../instances/hadoop/hadoop_extra/us-mid1.pn', VDC_LIST='../../../instances/hadoop/instance_list_hadoop_6vm_rnd.txt', affinity=False, affinity_soft=True, allow_virtual_switches_in_switches=True, anti_affinity=False, assert_all_physical_edges=False, binary_search=True, bitblast_addition=False, bitblast_addition_shadow=False, configured=True, conflict_limit=-1, deallocate_prob=0, debug=False, decide_opt_lits=True, directed_links=False, flush_pb_theory=False, force_virtual_switches=False, ignore_ram_constraints=False, ignore_storage_constraints=True, ijcai_settings=False, intrinsic_edge_constraints=False, intrinsic_edge_sets=True, logfile=None, max_cores=8, max_ram=16, max_storage=1, max_vms=6, min_cores=False, min_servers=False, opt_conflict_limit=0, opt_detect_sat=False, opt_time_limit=-1, output=None, popcount='BV', prop_assumps=True, refine_flow=True, remove_all_flow_cycles=False, remove_flow_cycles=False, remove_flow_cycles_python=False, rnd_restart=True, rnd_theory_freq=0.99, rnd_theory_order=False, separate_reach_constraints=False, static_flow_caps=True, theory_order_vsids=True, timelog='timelogs/config_results_vdcmapper_hadoop_us_mid1_6vm', tree_addition=True, use_cover_for_refinement=True, use_min_cost_max_flow=False, vsids_balance=1, vsids_both=True)
init 3.669250 3.669250
1 2.713354 6.382604
2 0.450980 6.833584
3 0.514175 7.347759
4 0.697239 8.044998
5 0.584037 8.629035
6 0.589785 9.218820
7 0.401978 9.620798
8 0.442967 10.063765
9 0.658248 10.722013
10 0.498014 11.220027
11 0.424838 11.644865
12 0.399845 12.044710
13 0.762633 12.807343
14 0.453965 13.261308
15 0.666978 13.928286
16 0.551057 14.479343
17 0.463261 14.942604
18 0.759995 15.702599
19 0.620816 16.323415
20 0.481317 16.804732
21 0.606016 17.410748
22 0.568293 17.979041
23 0.556708 18.535749
24 0.416631 18.952380
25 0.464401 19.416781
26 0.444355 19.861136
27 0.459099 20.320235
28 0.854298 21.174533
29 0.439821 21.614354
30 0.424087 22.038441
31 0.537229 22.575670
32 0.617548 23.193218
33 0.449880 23.643098
34 0.419508 24.062606
35 0.595791 24.658397
36 0.741608 25.400005
37 0.447924 25.847929
38 1.198491 27.046420
39 0.659143 27.705563
40 0.456545 28.162108
41 0.573032 28.735140
42 0.555945 29.291085
43 0.441581 29.732666
44 0.442477 30.175143
45 0.614301 30.789444
46 0.443415 31.232859
47 0.556273 31.789132
48 0.469070 32.258202
49 0.448606 32.706808
50 0.538496 33.245304
51 0.483863 33.729167
52 0.676913 34.406080
53 0.845020 35.251100
54 0.472452 35.723552
55 0.435633 36.159185
56 0.549002 36.708187
57 0.978177 37.686364
58 0.431204 38.117568
59 0.546661 38.664229
60 0.461506 39.125735
61 0.555003 39.680738
62 0.620321 40.301059
63 0.440774 40.741833
64 0.504875 41.246708
65 0.665657 41.912365
66 0.678919 42.591284
67 0.536214 43.127498
68 0.474417 43.601915
69 0.436396 44.038311
70 0.466446 44.504757
71 0.709383 45.214140
72 0.468934 45.683074
73 0.499911 46.182985
74 0.441584 46.624569
75 0.559894 47.184463
76 1.409822 48.594285
77 0.499968 49.094253
78 0.655617 49.749870
79 0.504444 50.254314
80 0.449992 50.704306
81 1.877277 52.581583
82 0.675536 53.257119
83 0.637366 53.894485
84 0.614159 54.508644
85 0.660141 55.168785
86 0.669417 55.838202
87 0.607048 56.445250
88 0.538683 56.983933
89 0.506357 57.490290
90 0.448046 57.938336
91 0.452746 58.391082
92 0.494058 58.885140
93 0.486764 59.371904
94 0.625135 59.997039
95 0.642548 60.639587
96 0.475213 61.114800
97 0.499217 61.614017
98 0.604018 62.218035
99 0.586851 62.804886
100 0.430372 63.235258
101 0.620671 63.855929
102 2.014455 65.870384
103 0.525319 66.395703
104 0.735223 67.130926
105 0.459074 67.590000
106 0.622360 68.212360
107 0.654368 68.866728
108 0.568242 69.434970
109 0.430585 69.865555
110 0.444377 70.309932
111 0.573227 70.883159
112 0.563443 71.446602
113 0.568401 72.015003
114 0.553420 72.568423
115 0.577999 73.146422
done 115 0.249368 73.395790
