# instance assign_to_us-west1.pn
# Settings: Namespace(PN='../../../instances/hadoop/hadoop_extra/us-west1.pn', VDC_LIST='../../../instances/hadoop/instance_list_hadoop_6vm_rnd.txt', affinity=False, affinity_soft=True, allow_virtual_switches_in_switches=True, anti_affinity=False, assert_all_physical_edges=False, binary_search=True, bitblast_addition=False, bitblast_addition_shadow=False, configured=True, conflict_limit=-1, deallocate_prob=0, debug=False, decide_opt_lits=True, directed_links=False, flush_pb_theory=False, force_virtual_switches=False, ignore_ram_constraints=False, ignore_storage_constraints=True, ijcai_settings=False, intrinsic_edge_constraints=False, intrinsic_edge_sets=True, logfile=None, max_cores=8, max_ram=16, max_storage=1, max_vms=6, min_cores=False, min_servers=False, opt_conflict_limit=0, opt_detect_sat=False, opt_time_limit=-1, output=None, popcount='BV', prop_assumps=True, refine_flow=True, remove_all_flow_cycles=False, remove_flow_cycles=False, remove_flow_cycles_python=False, rnd_restart=True, rnd_theory_freq=0.99, rnd_theory_order=False, separate_reach_constraints=False, static_flow_caps=True, theory_order_vsids=True, timelog='timelogs/config_results_vdcmapper_hadoop_us_west1_6vm', tree_addition=True, use_cover_for_refinement=True, use_min_cost_max_flow=False, vsids_balance=1, vsids_both=True)
init 11.577872 11.577872
1 9.365727 20.943599
2 1.625823 22.569422
3 1.792028 24.361450
4 1.748013 26.109463
5 1.345068 27.454531
6 2.226387 29.680918
7 1.372672 31.053590
8 2.679199 33.732789
9 1.985850 35.718639
10 1.946438 37.665077
11 1.751168 39.416245
12 1.341943 40.758188
13 1.584906 42.343094
14 1.687471 44.030565
15 1.576121 45.606686
16 1.625894 47.232580
17 1.743684 48.976264
18 1.387749 50.364013
19 1.875787 52.239800
20 3.975271 56.215071
21 1.441018 57.656089
22 2.093189 59.749278
23 2.597538 62.346816
24 1.543338 63.890154
25 1.500176 65.390330
26 1.447455 66.837785
27 1.521545 68.359330
28 2.376892 70.736222
29 1.611840 72.348062
30 1.754701 74.102763
31 1.728832 75.831595
32 1.743150 77.574745
33 1.639887 79.214632
34 1.617475 80.832107
35 1.488930 82.321037
36 1.857604 84.178641
37 1.602669 85.781310
38 2.716041 88.497351
39 2.441623 90.938974
40 1.943542 92.882516
41 1.463424 94.345940
42 4.060942 98.406882
43 2.157935 100.564817
44 1.498719 102.063536
45 1.980452 104.043988
46 1.559967 105.603955
47 1.804489 107.408444
48 2.486012 109.894456
49 3.239933 113.134389
50 1.783614 114.918003
51 2.764016 117.682019
52 1.837044 119.519063
53 2.498821 122.017884
54 2.200888 124.218772
55 1.676083 125.894855
56 1.889245 127.784100
57 2.979653 130.763753
58 1.525571 132.289324
59 1.841777 134.131101
60 1.734923 135.866024
61 1.434326 137.300350
62 2.419795 139.720145
63 1.451499 141.171644
64 1.637747 142.809391
65 2.246957 145.056348
66 1.439315 146.495663
67 2.711528 149.207191
68 2.371179 151.578370
69 2.955897 154.534267
70 1.572650 156.106917
71 1.942088 158.049005
72 1.620009 159.669014
73 1.799020 161.468034
74 1.958785 163.426819
75 1.541704 164.968523
76 6.368801 171.337324
77 2.122619 173.459943
78 2.180836 175.640779
79 1.706734 177.347513
80 1.442623 178.790136
81 5.075588 183.865724
82 2.094919 185.960643
83 1.689697 187.650340
84 1.672204 189.322544
85 1.481054 190.803598
86 1.746086 192.549684
87 2.672769 195.222453
88 1.563048 196.785501
89 2.202907 198.988408
90 1.521481 200.509889
91 1.741027 202.250916
92 2.008514 204.259430
93 1.801411 206.060841
94 1.560490 207.621331
95 2.370553 209.991884
96 1.996419 211.988303
97 1.842256 213.830559
98 1.793570 215.624129
99 1.863440 217.487569
100 1.453604 218.941173
101 1.544079 220.485252
102 9.539019 230.024271
103 2.002668 232.026939
104 2.244730 234.271669
105 2.225810 236.497479
106 1.948403 238.445882
107 1.877694 240.323576
108 2.297236 242.620812
109 1.851081 244.471893
110 2.012486 246.484379
111 2.066706 248.551085
112 1.820596 250.371681
113 3.681578 254.053259
114 2.715800 256.769059
115 2.818116 259.587175
116 2.919773 262.506948
117 2.236633 264.743581
118 2.518107 267.261688
119 1.741878 269.003566
120 9.471674 278.475240
121 1.843420 280.318660
122 2.374384 282.693044
123 2.617730 285.310774
124 1.532096 286.842870
125 4.389715 291.232585
126 1.924556 293.157141
127 2.470625 295.627766
128 2.204974 297.832740
129 1.961579 299.794319
130 1.601890 301.396209
131 1.526259 302.922468
132 2.346454 305.268922
133 1.841465 307.110387
134 4.764573 311.874960
135 3.260981 315.135941
136 2.406343 317.542284
137 2.191756 319.734040
138 2.280628 322.014668
139 1.481120 323.495788
140 1.630103 325.125891
141 1.769677 326.895568
142 2.332880 329.228448
143 1.738167 330.966615
144 2.312290 333.278905
145 1.597594 334.876499
146 2.058261 336.934760
147 1.448330 338.383090
148 2.240567 340.623657
149 2.284545 342.908202
150 2.464710 345.372912
151 1.525633 346.898545
152 1.653838 348.552383
153 1.552973 350.105356
154 2.225540 352.330896
155 3.927686 356.258582
156 3.270098 359.528680
157 1.712311 361.240991
158 2.612782 363.853773
159 1.463393 365.317166
160 1.659835 366.977001
161 2.485761 369.462762
162 1.657049 371.119811
163 2.115794 373.235605
164 2.143150 375.378755
165 1.799357 377.178112
166 1.596430 378.774542
167 2.297528 381.072070
168 1.549099 382.621169
169 1.935795 384.556964
170 1.501109 386.058073
171 2.945140 389.003213
172 3.054988 392.058201
173 1.938370 393.996571
174 1.519961 395.516532
175 2.779775 398.296307
176 2.168116 400.464423
177 1.477336 401.941759
178 2.131355 404.073114
179 1.545140 405.618254
180 1.600703 407.218957
181 2.294279 409.513236
182 1.976639 411.489875
183 2.140391 413.630266
184 1.532724 415.162990
185 2.023252 417.186242
186 2.081119 419.267361
187 2.083387 421.350748
188 3.462946 424.813694
189 1.475522 426.289216
190 1.856032 428.145248
191 1.588515 429.733763
192 1.728272 431.462035
193 1.554506 433.016541
194 1.646813 434.663354
195 5.637770 440.301124
196 1.794904 442.096028
197 1.477233 443.573261
198 6.519779 450.093040
199 1.621356 451.714396
200 1.851992 453.566388
201 1.998824 455.565212
202 2.402728 457.967940
203 2.350576 460.318516
204 1.854177 462.172693
205 2.635977 464.808670
206 2.571885 467.380555
207 1.590298 468.970853
208 2.881468 471.852321
209 2.210131 474.062452
210 1.623319 475.685771
211 1.658593 477.344364
212 1.535581 478.879945
213 1.604864 480.484809
214 1.835613 482.320422
215 2.509536 484.829958
216 2.559165 487.389123
217 1.552545 488.941668
218 1.522921 490.464589
219 8.055067 498.519656
220 2.051364 500.571020
221 2.059087 502.630107
222 1.867383 504.497490
223 1.872206 506.369696
224 2.738764 509.108460
225 8.957983 518.066443
226 2.539218 520.605661
227 1.536276 522.141937
228 2.039748 524.181685
229 2.789037 526.970722
230 1.642795 528.613517
231 2.515338 531.128855
232 1.540507 532.669362
233 1.562688 534.232050
234 2.509295 536.741345
235 2.211540 538.952885
236 2.450894 541.403779
237 1.668035 543.071814
238 2.242606 545.314420
239 4.557981 549.872401
240 2.090826 551.963227
241 2.056163 554.019390
242 2.033820 556.053210
243 1.525209 557.578419
244 3.088867 560.667286
245 1.974608 562.641894
246 3.404531 566.046425
247 2.020269 568.066694
248 1.823394 569.890088
249 1.699213 571.589301
250 1.678058 573.267359
251 2.432298 575.699657
252 1.745873 577.445530
253 2.116900 579.562430
254 1.606072 581.168502
255 2.330479 583.498981
256 9.377050 592.876031
257 2.331803 595.207834
258 1.573503 596.781337
259 1.674117 598.455454
260 2.143658 600.599112
261 1.713290 602.312402
262 1.540959 603.853361
263 2.107673 605.961034
264 2.243469 608.204503
265 2.636670 610.841173
266 2.066787 612.907960
267 1.457547 614.365507
268 1.633890 615.999397
269 1.689083 617.688480
270 1.902127 619.590607
271 7.849143 627.439750
272 2.031950 629.471700
273 1.850828 631.322528
274 1.527735 632.850263
275 2.238019 635.088282
276 1.523839 636.612121
277 1.624041 638.236162
278 1.986374 640.222536
279 2.417769 642.640305
280 3.691838 646.332143
281 7.270448 653.602591
282 1.699490 655.302081
283 2.182912 657.484993
284 2.622120 660.107113
285 1.751402 661.858515
286 1.582290 663.440805
287 1.817112 665.257917
288 1.795970 667.053887
289 2.437836 669.491723
290 1.553114 671.044837
291 2.187033 673.231870
292 1.981751 675.213621
293 1.875217 677.088838
294 2.382823 679.471661
295 7.421901 686.893562
296 3.142113 690.035675
297 1.701604 691.737279
298 2.072539 693.809818
299 8.493459 702.303277
300 2.006981 704.310258
301 1.718249 706.028507
302 2.456549 708.485056
303 1.528228 710.013284
304 1.547067 711.560351
305 1.890634 713.450985
306 2.116242 715.567227
307 2.273033 717.840260
308 2.504818 720.345078
309 1.936630 722.281708
310 1.617369 723.899077
311 2.138147 726.037224
312 2.591451 728.628675
313 1.878302 730.506977
314 2.399597 732.906574
315 3.219836 736.126410
316 1.658872 737.785282
317 1.605838 739.391120
318 1.601937 740.993057
319 2.712928 743.705985
320 2.412612 746.118597
321 11.404831 757.523428
322 2.627638 760.151066
323 1.536384 761.687450
324 1.819825 763.507275
325 1.940547 765.447822
326 2.463484 767.911306
327 2.041787 769.953093
328 1.645636 771.598729
329 13.741382 785.340111
330 2.211837 787.551948
331 1.882708 789.434656
332 1.581902 791.016558
333 2.289216 793.305774
334 2.315857 795.621631
335 11.381632 807.003263
336 5.211394 812.214657
337 2.219947 814.434604
338 1.569139 816.003743
339 2.330007 818.333750
340 2.648163 820.981913
341 1.531193 822.513106
342 2.049034 824.562140
343 6.831150 831.393290
344 2.386108 833.779398
345 1.984748 835.764146
346 2.279749 838.043895
347 1.973392 840.017287
348 2.270594 842.287881
349 2.284876 844.572757
350 2.084764 846.657521
351 1.878594 848.536115
352 2.748078 851.284193
353 1.584244 852.868437
354 1.962405 854.830842
355 2.021055 856.851897
356 1.873157 858.725054
357 2.216383 860.941437
358 2.779076 863.720513
359 2.179042 865.899555
360 2.251467 868.151022
361 1.675421 869.826443
362 1.770230 871.596673
363 1.906015 873.502688
364 2.036564 875.539252
365 1.555027 877.094279
366 2.299338 879.393617
367 2.043203 881.436820
368 1.637832 883.074652
369 1.546112 884.620764
370 2.167384 886.788148
371 1.523320 888.311468
372 5.619175 893.930643
373 2.075524 896.006167
374 1.633668 897.639835
375 2.871564 900.511399
376 1.466056 901.977455
377 1.897998 903.875453
378 1.620603 905.496056
done 378 8.340136 913.836192
