# instance assign_to_us-west2.pn
# Settings: Namespace(PN='../../../instances/hadoop/hadoop_extra/us-west2.pn', VDC_LIST='../../../instances/hadoop/instance_list_hadoop_4vm_rnd.txt', affinity=False, affinity_soft=True, allow_virtual_switches_in_switches=True, anti_affinity=False, assert_all_physical_edges=False, binary_search=True, bitblast_addition=False, bitblast_addition_shadow=False, configured=True, conflict_limit=-1, deallocate_prob=0, debug=False, decide_opt_lits=True, directed_links=False, flush_pb_theory=False, force_virtual_switches=False, ignore_ram_constraints=False, ignore_storage_constraints=True, ijcai_settings=False, intrinsic_edge_constraints=False, intrinsic_edge_sets=True, logfile=None, max_cores=8, max_ram=16, max_storage=1, max_vms=4, min_cores=False, min_servers=False, opt_conflict_limit=0, opt_detect_sat=False, opt_time_limit=-1, output=None, popcount='BV', prop_assumps=True, refine_flow=True, remove_all_flow_cycles=False, remove_flow_cycles=False, remove_flow_cycles_python=False, rnd_restart=True, rnd_theory_freq=0.99, rnd_theory_order=False, separate_reach_constraints=False, static_flow_caps=True, theory_order_vsids=True, timelog='timelogs/config_results_vdcmapper_hadoop_us_west2_4vm', tree_addition=True, use_cover_for_refinement=True, use_min_cost_max_flow=False, vsids_balance=1, vsids_both=True)
init 1.738411 1.738411
1 1.470348 3.208759
2 0.200787 3.409546
3 0.238522 3.648068
4 0.205744 3.853812
5 0.245647 4.099459
6 0.243443 4.342902
7 0.203727 4.546629
8 0.210597 4.757226
9 0.258265 5.015491
10 0.206482 5.221973
11 0.208983 5.430956
12 0.222019 5.652975
13 0.242628 5.895603
14 0.321880 6.217483
15 0.206600 6.424083
16 0.210128 6.634211
17 0.250593 6.884804
18 0.210845 7.095649
19 0.241030 7.336679
20 0.387389 7.724068
21 0.217198 7.941266
22 0.210533 8.151799
23 0.213103 8.364902
24 0.245513 8.610415
25 0.252086 8.862501
26 0.272059 9.134560
27 0.210456 9.345016
28 0.221531 9.566547
29 0.211731 9.778278
30 0.254763 10.033041
31 0.243188 10.276229
32 0.215263 10.491492
33 0.288918 10.780410
34 0.237603 11.018013
35 0.210632 11.228645
36 0.212211 11.440856
37 0.252844 11.693700
38 0.217454 11.911154
39 0.212246 12.123400
40 0.211370 12.334770
41 0.214476 12.549246
42 0.291194 12.840440
43 0.288535 13.128975
44 0.243361 13.372336
45 0.297686 13.670022
46 0.221026 13.891048
47 0.222210 14.113258
48 0.220038 14.333296
49 0.211024 14.544320
50 0.250844 14.795164
51 0.212707 15.007871
52 0.256635 15.264506
53 0.218028 15.482534
54 0.215220 15.697754
55 0.264408 15.962162
56 0.323849 16.286011
57 0.213276 16.499287
58 0.276924 16.776211
59 0.258040 17.034251
60 0.217034 17.251285
61 0.214221 17.465506
62 0.214341 17.679847
63 0.308843 17.988690
64 0.214893 18.203583
65 0.274374 18.477957
66 0.216136 18.694093
67 0.227212 18.921305
68 0.247818 19.169123
69 0.260026 19.429149
70 0.219570 19.648719
71 0.222699 19.871418
72 0.222077 20.093495
73 0.225024 20.318519
74 0.224835 20.543354
75 0.259216 20.802570
76 0.267365 21.069935
77 0.277472 21.347407
78 0.290964 21.638371
79 0.220584 21.858955
80 0.223850 22.082805
81 0.309668 22.392473
82 0.259802 22.652275
83 0.225539 22.877814
84 0.220890 23.098704
85 0.222329 23.321033
86 0.220185 23.541218
87 0.345139 23.886357
88 0.261983 24.148340
89 0.283643 24.431983
90 0.228698 24.660681
91 0.298077 24.958758
92 0.241438 25.200196
93 0.226877 25.427073
94 0.231580 25.658653
95 0.364016 26.022669
96 0.222709 26.245378
97 0.296580 26.541958
98 0.228675 26.770633
99 0.233278 27.003911
100 0.225054 27.228965
101 0.263427 27.492392
102 0.220794 27.713186
103 0.276664 27.989850
done 103 0.098730 28.088580
