# instance assign_to_us-mid2.pn
# Settings: Namespace(PN='../../../instances/hadoop/hadoop_extra/us-mid2.pn', VDC_LIST='../../../instances/hadoop/instance_list_hadoop_12vm_rnd.txt', affinity=False, affinity_soft=True, allow_virtual_switches_in_switches=True, anti_affinity=False, assert_all_physical_edges=False, binary_search=True, bitblast_addition=False, bitblast_addition_shadow=False, configured=True, conflict_limit=-1, deallocate_prob=0, debug=False, decide_opt_lits=True, directed_links=False, flush_pb_theory=False, force_virtual_switches=False, ignore_ram_constraints=False, ignore_storage_constraints=True, ijcai_settings=False, intrinsic_edge_constraints=False, intrinsic_edge_sets=True, logfile=None, max_cores=8, max_ram=16, max_storage=1, max_vms=12, min_cores=False, min_servers=False, opt_conflict_limit=0, opt_detect_sat=False, opt_time_limit=-1, output=None, popcount='BV', prop_assumps=True, refine_flow=True, remove_all_flow_cycles=False, remove_flow_cycles=False, remove_flow_cycles_python=False, rnd_restart=True, rnd_theory_freq=0.99, rnd_theory_order=False, separate_reach_constraints=False, static_flow_caps=True, theory_order_vsids=True, timelog='timelogs/config_results_vdcmapper_hadoop_us_mid2_12vm', tree_addition=True, use_cover_for_refinement=True, use_min_cost_max_flow=False, vsids_balance=1, vsids_both=True)
init 14.409659 14.409659
1 10.943336 25.352995
2 2.235521 27.588516
3 2.394313 29.982829
4 1.856645 31.839474
5 6.240235 38.079709
6 1.906058 39.985767
7 2.241078 42.226845
8 3.107224 45.334069
9 2.539416 47.873485
10 1.889416 49.762901
11 2.103442 51.866343
12 2.404310 54.270653
13 3.441218 57.711871
14 2.771574 60.483445
15 2.071320 62.554765
16 3.263725 65.818490
17 2.269024 68.087514
18 3.173919 71.261433
19 2.637426 73.898859
20 1.976715 75.875574
21 4.667965 80.543539
22 1.947572 82.491111
23 9.474165 91.965276
24 2.523690 94.488966
25 1.798243 96.287209
26 2.905241 99.192450
27 2.730863 101.923313
28 3.367345 105.290658
29 2.072411 107.363069
30 2.469802 109.832871
31 3.271360 113.104231
32 4.890254 117.994485
33 2.439306 120.433791
34 2.509141 122.942932
35 3.669796 126.612728
36 3.271162 129.883890
37 2.835276 132.719166
38 11.811891 144.531057
39 3.218721 147.749778
40 3.277037 151.026815
41 2.986597 154.013412
42 2.057905 156.071317
43 5.260060 161.331377
44 2.135175 163.466552
45 10.107922 173.574474
46 4.888151 178.462625
47 1.934766 180.397391
48 1.976680 182.374071
49 3.247517 185.621588
50 2.442155 188.063743
51 2.688473 190.752216
52 2.523272 193.275488
53 2.818617 196.094105
54 1.828912 197.923017
55 2.702707 200.625724
56 7.706721 208.332445
57 2.446044 210.778489
58 2.519460 213.297949
59 3.511301 216.809250
60 2.235852 219.045102
61 5.016570 224.061672
62 2.126898 226.188570
63 1.839282 228.027852
64 3.714972 231.742824
65 2.254395 233.997219
66 3.665384 237.662603
67 8.262073 245.924676
68 2.463090 248.387766
69 3.363578 251.751344
70 1.884941 253.636285
71 2.005194 255.641479
72 1.786600 257.428079
73 2.412350 259.840429
74 3.842671 263.683100
75 8.072214 271.755314
76 2.496761 274.252075
77 4.044381 278.296456
78 2.621384 280.917840
79 2.366816 283.284656
80 2.215255 285.499911
81 2.628973 288.128884
82 2.772459 290.901343
83 1.867188 292.768531
84 3.443086 296.211617
85 5.624066 301.835683
86 2.195394 304.031077
87 1.896792 305.927869
88 1.973773 307.901642
89 2.383096 310.284738
90 3.198614 313.483352
91 2.715006 316.198358
92 2.599760 318.798118
93 2.958154 321.756272
94 3.187889 324.944161
95 2.059792 327.003953
96 2.339478 329.343431
97 2.151180 331.494611
98 4.865157 336.359768
99 2.745987 339.105755
100 2.322079 341.427834
101 2.437909 343.865743
102 2.640525 346.506268
103 2.177276 348.683544
104 2.122322 350.805866
105 2.760386 353.566252
106 2.469056 356.035308
107 2.754863 358.790171
108 6.180617 364.970788
109 3.761097 368.731885
110 3.167262 371.899147
111 2.688525 374.587672
112 1.792443 376.380115
113 2.328328 378.708443
114 2.664495 381.372938
115 1.752333 383.125271
116 2.659849 385.785120
117 23.143992 408.929112
118 3.055684 411.984796
119 1.858263 413.843059
120 2.263015 416.106074
121 3.457208 419.563282
122 2.143004 421.706286
123 5.870337 427.576623
124 2.127685 429.704308
125 3.076827 432.781135
126 21.405150 454.186285
127 2.696492 456.882777
128 2.870514 459.753291
129 6.263702 466.016993
130 1.820534 467.837527
131 1.977068 469.814595
132 3.618359 473.432954
133 2.495506 475.928460
done 133 0.629720 476.558180
