# instance assign_to_final.Fattree_n16_k2_bw10_cpu16.pn.instance_list_12vm_rnd.txt.pn.json
# Settings: Namespace(PN='../secondnet/final_pns_json/final.Fattree_n16_k2_bw10_cpu16.pn.instance_list_12vm_rnd.txt.pn.json', VDC_LIST='../../../instances/fattree-bcube/instance_list_12vm_rnd.txt', affinity=False, affinity_soft=True, allow_virtual_switches_in_switches=True, anti_affinity=False, assert_all_physical_edges=False, binary_search=True, bitblast_addition=False, bitblast_addition_shadow=False, configured=True, conflict_limit=-1, deallocate_prob=0.0, debug=False, decide_opt_lits=True, directed_links=True, flush_pb_theory=False, force_virtual_switches=False, ignore_ram_constraints=True, ignore_storage_constraints=True, ijcai_settings=False, intrinsic_edge_constraints=False, intrinsic_edge_sets=True, logfile=None, max_cores=1, max_ram=1, max_storage=1, max_vms=12, min_cores=False, min_servers=False, opt_conflict_limit=0, opt_detect_sat=False, opt_time_limit=-1, output=None, popcount='BV', prop_assumps=True, refine_flow=True, remove_all_flow_cycles=False, remove_flow_cycles=False, remove_flow_cycles_python=False, rnd_restart=True, rnd_theory_freq=0.99, rnd_theory_order=False, separate_reach_constraints=False, static_flow_caps=True, theory_order_vsids=True, timelog='./timelogs/config_results_vdcmapper_fattree16_12vm', tree_addition=True, use_cover_for_refinement=True, use_min_cost_max_flow=False, vsids_balance=1, vsids_both=True)
init 23.015367 23.015367
1 31.616651 54.632018
2 7.450899 62.082917
3 5.317118 67.400035
4 11.302596 78.702631
5 13.047676 91.750307
6 13.941323 105.691630
7 10.963102 116.654732
8 10.251904 126.906636
9 8.071769 134.978405
10 22.314912 157.293317
11 33.534998 190.828315
12 34.089081 224.917396
13 59.487805 284.405201
14 31.587133 315.992334
15 29.312815 345.305149
16 18.591053 363.896202
17 55.755333 419.651535
18 21.402577 441.054112
19 43.480051 484.534163
20 36.466061 521.000224
21 5.457590 526.457814
22 27.372261 553.830075
23 15.833028 569.663103
24 23.438133 593.101236
25 10.808664 603.909900
26 28.438747 632.348647
27 10.210064 642.558711
28 9.151615 651.710326
29 4.287135 655.997461
30 17.548169 673.545630
31 29.897643 703.443273
32 89.125284 792.568557
33 9.610153 802.178710
34 146.966362 949.145072
35 23.925308 973.070380
36 10.934055 984.004435
37 20.214847 1004.219282
38 21.521841 1025.741123
39 47.550752 1073.291875
40 39.043066 1112.334941
41 77.167206 1189.502147
42 72.573543 1262.075690
43 55.013081 1317.088771
44 18.220583 1335.309354
45 72.362107 1407.671461
46 13.200473 1420.871934
47 17.925773 1438.797707
48 72.493299 1511.291006
49 36.041607 1547.332613
50 35.296300 1582.628913
51 34.652769 1617.281682
52 40.336249 1657.617931
53 46.247509 1703.865440
54 80.810393 1784.675833
55 36.742542 1821.418375
56 20.244618 1841.662993
57 27.553831 1869.216824
58 47.194172 1916.410996
59 35.168046 1951.579042
60 7.325736 1958.904778
61 20.361457 1979.266235
62 18.741533 1998.007768
63 45.597950 2043.605718
64 27.383113 2070.988831
65 14.635522 2085.624353
66 5.298145 2090.922498
67 28.098029 2119.020527
68 41.133665 2160.154192
69 35.424270 2195.578462
70 13.263143 2208.841605
71 22.468512 2231.310117
72 15.949248 2247.259365
73 22.638170 2269.897535
74 34.337153 2304.234688
75 29.157879 2333.392567
76 22.298190 2355.690757
77 50.325412 2406.016169
78 41.270739 2447.286908
79 72.155049 2519.441957
80 21.620035 2541.061992
81 27.978274 2569.040266
82 23.784965 2592.825231
83 25.810953 2618.636184
84 22.780398 2641.416582
85 13.270642 2654.687224
86 16.179100 2670.866324
87 21.950634 2692.816958
88 20.234854 2713.051812
89 54.432454 2767.484266
90 31.950640 2799.434906
91 14.194494 2813.629400
92 17.668612 2831.298012
93 60.897818 2892.195830
94 28.992236 2921.188066
95 15.830486 2937.018552
96 109.765059 3046.783611
97 57.797988 3104.581599
98 49.368994 3153.950593
99 23.052708 3177.003301
100 15.845322 3192.848623
101 28.432671 3221.281294
102 61.417711 3282.699005
103 13.099578 3295.798583
104 39.316028 3335.114611
105 9.871088 3344.985699
106 12.019308 3357.005007
107 41.070312 3398.075319
108 14.686726 3412.762045
109 7.527806 3420.289851
110 14.758356 3435.048207
111 16.144964 3451.193171
112 36.506544 3487.699715
113 15.403814 3503.103529
114 41.090896 3544.194425
115 7.141458 3551.335883
116 31.604727 3582.940610
