# instance assign_to_final.Fattree_n8_k2_bw10_cpu16.pn.instance_list_9vm_rnd.txt.pn.json
# Settings: Namespace(PN='../secondnet/final_pns_json/final.Fattree_n8_k2_bw10_cpu16.pn.instance_list_9vm_rnd.txt.pn.json', VDC_LIST='../../../instances/fattree-bcube/instance_list_9vm_rnd.txt', affinity=False, affinity_soft=True, allow_virtual_switches_in_switches=True, anti_affinity=False, assert_all_physical_edges=False, binary_search=True, bitblast_addition=False, bitblast_addition_shadow=False, configured=True, conflict_limit=-1, deallocate_prob=0.0, debug=False, decide_opt_lits=True, directed_links=True, flush_pb_theory=False, force_virtual_switches=False, ignore_ram_constraints=True, ignore_storage_constraints=True, ijcai_settings=False, intrinsic_edge_constraints=False, intrinsic_edge_sets=True, logfile=None, max_cores=1, max_ram=1, max_storage=1, max_vms=9, min_cores=False, min_servers=False, opt_conflict_limit=0, opt_detect_sat=False, opt_time_limit=-1, output=None, popcount='BV', prop_assumps=True, refine_flow=True, remove_all_flow_cycles=False, remove_flow_cycles=False, remove_flow_cycles_python=False, rnd_restart=True, rnd_theory_freq=0.99, rnd_theory_order=False, separate_reach_constraints=False, static_flow_caps=True, theory_order_vsids=True, timelog='./timelogs/config_results_vdcmapper_fattree8_9vm', tree_addition=True, use_cover_for_refinement=True, use_min_cost_max_flow=False, vsids_balance=1, vsids_both=True)
init 2.352044 2.352044
1 2.603314 4.955358
2 0.372348 5.327706
3 0.394487 5.722193
4 0.408689 6.130882
5 0.577168 6.708050
6 0.468236 7.176286
7 0.385066 7.561352
8 0.332288 7.893640
9 0.414830 8.308470
10 0.317780 8.626250
11 0.453928 9.080178
12 0.429996 9.510174
13 0.452129 9.962303
14 0.553632 10.515935
15 0.333217 10.849152
16 0.811407 11.660559
17 1.505082 13.165641
18 0.471766 13.637407
19 0.524779 14.162186
20 0.453526 14.615712
21 0.753102 15.368814
22 0.543599 15.912413
23 0.969728 16.882141
24 0.636216 17.518357
25 0.405856 17.924213
26 0.414394 18.338607
27 0.686014 19.024621
28 1.445344 20.469965
29 0.422732 20.892697
30 0.372086 21.264783
31 0.777292 22.042075
32 0.526860 22.568935
33 0.508696 23.077631
34 0.413170 23.490801
35 0.304850 23.795651
36 0.531623 24.327274
37 0.490140 24.817414
38 0.880226 25.697640
39 0.738586 26.436226
40 0.978507 27.414733
41 1.201234 28.615967
42 0.535522 29.151489
43 0.620402 29.771891
44 0.452379 30.224270
45 0.628838 30.853108
46 0.387047 31.240155
47 0.553704 31.793859
48 0.737995 32.531854
49 0.635596 33.167450
50 0.791884 33.959334
51 0.652875 34.612209
52 0.783283 35.395492
53 0.556289 35.951781
54 0.500362 36.452143
55 0.335215 36.787358
56 0.743685 37.531043
57 1.417336 38.948379
58 1.075435 40.023814
59 0.471871 40.495685
60 0.757406 41.253091
61 0.498129 41.751220
62 0.320763 42.071983
63 0.572383 42.644366
64 0.348084 42.992450
65 0.641705 43.634155
66 0.501908 44.136063
67 0.779438 44.915501
68 3.018381 47.933882
69 0.605485 48.539367
70 1.070609 49.609976
71 0.570707 50.180683
72 0.502695 50.683378
73 1.051747 51.735125
74 0.477511 52.212636
75 0.874080 53.086716
76 0.543543 53.630259
77 0.508893 54.139152
78 1.470712 55.609864
79 0.586744 56.196608
80 0.362105 56.558713
81 0.924159 57.482872
82 1.189360 58.672232
83 0.697432 59.369664
84 1.952367 61.322031
85 2.682494 64.004525
86 1.031589 65.036114
87 0.658202 65.694316
88 0.622459 66.316775
89 1.172507 67.489282
90 1.085417 68.574699
91 2.411948 70.986647
92 0.612995 71.599642
93 2.128149 73.727791
94 2.695349 76.423140
95 0.674149 77.097289
96 2.276560 79.373849
done 96 2.287370 81.661219
