# instance assign_to_final.Fattree_n12_k2_bw10_cpu16.pn.instance_list_9vm_rnd.txt.pn.json
# Settings: Namespace(PN='../secondnet/final_pns_json/final.Fattree_n12_k2_bw10_cpu16.pn.instance_list_9vm_rnd.txt.pn.json', VDC_LIST='../../../instances/fattree-bcube/instance_list_9vm_rnd.txt', affinity=False, affinity_soft=True, allow_virtual_switches_in_switches=True, anti_affinity=False, assert_all_physical_edges=False, binary_search=True, bitblast_addition=False, bitblast_addition_shadow=False, configured=True, conflict_limit=-1, deallocate_prob=0.0, debug=False, decide_opt_lits=True, directed_links=True, flush_pb_theory=False, force_virtual_switches=False, ignore_ram_constraints=True, ignore_storage_constraints=True, ijcai_settings=False, intrinsic_edge_constraints=False, intrinsic_edge_sets=True, logfile=None, max_cores=1, max_ram=1, max_storage=1, max_vms=9, min_cores=False, min_servers=False, opt_conflict_limit=0, opt_detect_sat=False, opt_time_limit=-1, output=None, popcount='BV', prop_assumps=True, refine_flow=True, remove_all_flow_cycles=False, remove_flow_cycles=False, remove_flow_cycles_python=False, rnd_restart=True, rnd_theory_freq=0.99, rnd_theory_order=False, separate_reach_constraints=False, static_flow_caps=True, theory_order_vsids=True, timelog='./timelogs/config_results_vdcmapper_fattree12_9vm', tree_addition=True, use_cover_for_refinement=True, use_min_cost_max_flow=False, vsids_balance=1, vsids_both=True)
init 8.178315 8.178315
1 7.392891 15.571206
2 0.961327 16.532533
3 1.386857 17.919390
4 1.029997 18.949387
5 1.613214 20.562601
6 1.369611 21.932212
7 1.317976 23.250188
8 1.016997 24.267185
9 1.567168 25.834353
10 1.422673 27.257026
11 2.926597 30.183623
12 1.784887 31.968510
13 1.975760 33.944270
14 4.154071 38.098341
15 1.354280 39.452621
16 4.171003 43.623624
17 1.351062 44.974686
18 1.490131 46.464817
19 2.373475 48.838292
20 1.949982 50.788274
21 2.786735 53.575009
22 4.402512 57.977521
23 10.137979 68.115500
24 2.244373 70.359873
25 1.295143 71.655016
26 2.448112 74.103128
27 2.033510 76.136638
28 1.191001 77.327639
29 2.045372 79.373011
30 1.261650 80.634661
31 2.441887 83.076548
32 7.247284 90.323832
33 1.118757 91.442589
34 1.798399 93.240988
35 1.312446 94.553434
36 1.527774 96.081208
37 2.123393 98.204601
38 1.786328 99.990929
39 4.948332 104.939261
40 5.935228 110.874489
41 1.548119 112.422608
42 1.559254 113.981862
43 4.247813 118.229675
44 1.217050 119.446725
45 1.994040 121.440765
46 1.387408 122.828173
47 1.533042 124.361215
48 1.789490 126.150705
49 1.613123 127.763828
50 1.626660 129.390488
51 6.615247 136.005735
52 3.386882 139.392617
53 1.523887 140.916504
54 2.552718 143.469222
55 2.027107 145.496329
56 1.922778 147.419107
57 2.180767 149.599874
58 5.639906 155.239780
59 3.065658 158.305438
60 5.814857 164.120295
61 3.908711 168.029006
62 1.990497 170.019503
63 1.529579 171.549082
64 1.440626 172.989708
65 6.111468 179.101176
66 1.521371 180.622547
67 5.339441 185.961988
68 4.579404 190.541392
69 3.716935 194.258327
70 2.224085 196.482412
71 1.977938 198.460350
72 1.333803 199.794153
73 1.526387 201.320540
74 2.883270 204.203810
75 2.327424 206.531234
76 1.453329 207.984563
77 1.549288 209.533851
78 3.188206 212.722057
79 1.679975 214.402032
80 1.305260 215.707292
81 1.665179 217.372471
82 2.899094 220.271565
83 1.330183 221.601748
84 3.271614 224.873362
85 4.412875 229.286237
86 3.642087 232.928324
87 10.339241 243.267565
88 1.898326 245.165891
89 1.668551 246.834442
90 2.942543 249.776985
91 2.045468 251.822453
92 3.362771 255.185224
93 5.229157 260.414381
94 2.409542 262.823923
95 1.311981 264.135904
96 2.890296 267.026200
97 2.012902 269.039102
98 2.466358 271.505460
99 2.003674 273.509134
100 2.301735 275.810869
101 2.173205 277.984074
102 1.171598 279.155672
103 1.383621 280.539293
104 2.379395 282.918688
105 1.616846 284.535534
106 1.518609 286.054143
107 3.409823 289.463966
108 2.166108 291.630074
109 1.584267 293.214341
110 2.700140 295.914481
111 2.342619 298.257100
112 4.568791 302.825891
113 2.078368 304.904259
114 3.060832 307.965091
115 1.992329 309.957420
116 8.507996 318.465416
117 1.793699 320.259115
118 2.776263 323.035378
119 3.030816 326.066194
120 3.117050 329.183244
121 2.384853 331.568097
122 8.759133 340.327230
123 2.368111 342.695341
124 4.983746 347.679087
125 1.930128 349.609215
126 1.644246 351.253461
127 2.392334 353.645795
128 1.389142 355.034937
129 2.826108 357.861045
130 4.247418 362.108463
131 1.665724 363.774187
132 3.320775 367.094962
133 6.226207 373.321169
134 4.019225 377.340394
135 2.346267 379.686661
136 3.062147 382.748808
137 1.280341 384.029149
138 6.212909 390.242058
139 1.679296 391.921354
140 1.700739 393.622093
141 1.751152 395.373245
142 2.423471 397.796716
143 2.312217 400.108933
144 1.599435 401.708368
145 2.696633 404.405001
146 1.547831 405.952832
147 2.253334 408.206166
148 5.689587 413.895753
149 2.815120 416.710873
150 2.839510 419.550383
151 2.998719 422.549102
152 2.815051 425.364153
153 1.888766 427.252919
154 2.840837 430.093756
155 3.646881 433.740637
156 3.785512 437.526149
157 1.241562 438.767711
158 1.819397 440.587108
159 2.115969 442.703077
160 9.593838 452.296915
161 1.663351 453.960266
162 3.023219 456.983485
163 3.338709 460.322194
164 1.880756 462.202950
165 6.129723 468.332673
166 2.199802 470.532475
167 3.042120 473.574595
168 2.894862 476.469457
169 1.717493 478.186950
170 1.932384 480.119334
171 2.228495 482.347829
172 1.454136 483.801965
173 4.221974 488.023939
174 3.384508 491.408447
175 2.174793 493.583240
176 5.944922 499.528162
177 5.376398 504.904560
178 3.865121 508.769681
179 1.622366 510.392047
180 2.140913 512.532960
181 1.786615 514.319575
182 1.573777 515.893352
183 2.944987 518.838339
184 1.489708 520.328047
185 4.992501 525.320548
186 2.240247 527.560795
187 5.117900 532.678695
188 1.358021 534.036716
189 4.807239 538.843955
190 5.875038 544.718993
191 4.848758 549.567751
192 2.554771 552.122522
193 3.095164 555.217686
194 2.955393 558.173079
195 1.436080 559.609159
196 1.316281 560.925440
197 5.000929 565.926369
198 5.198183 571.124552
199 3.106483 574.231035
200 2.067525 576.298560
201 2.690508 578.989068
202 3.417185 582.406253
203 2.100775 584.507028
204 4.357798 588.864826
205 2.631602 591.496428
206 3.774736 595.271164
207 1.438959 596.710123
208 1.366885 598.077008
209 1.973899 600.050907
210 3.303527 603.354434
211 4.433358 607.787792
212 2.124585 609.912377
213 4.742665 614.655042
214 6.218770 620.873812
215 1.508219 622.382031
216 4.194747 626.576778
217 1.799105 628.375883
218 2.022625 630.398508
219 2.942148 633.340656
220 1.660349 635.001005
221 3.884453 638.885458
222 1.285479 640.170937
223 3.191404 643.362341
224 3.808134 647.170475
225 6.151106 653.321581
226 3.602966 656.924547
227 2.561996 659.486543
228 2.016214 661.502757
229 1.465183 662.967940
230 1.704624 664.672564
231 1.778707 666.451271
232 3.396059 669.847330
233 1.963764 671.811094
234 2.307469 674.118563
235 1.984878 676.103441
236 2.418312 678.521753
237 1.243607 679.765360
238 3.124462 682.889822
239 1.455166 684.344988
240 3.064812 687.409800
241 2.210972 689.620772
242 4.234723 693.855495
243 2.011172 695.866667
244 1.498527 697.365194
245 2.365427 699.730621
246 1.293804 701.024425
247 6.131228 707.155653
248 2.921926 710.077579
249 1.513906 711.591485
250 5.058895 716.650380
251 1.660377 718.310757
252 2.376226 720.686983
253 2.834926 723.521909
254 2.336732 725.858641
255 2.948305 728.806946
256 2.243011 731.049957
257 6.281138 737.331095
258 4.262576 741.593671
259 2.675981 744.269652
260 4.669286 748.938938
261 1.539081 750.478019
262 7.964343 758.442362
263 3.208825 761.651187
264 6.316254 767.967441
265 6.676567 774.644008
266 3.398249 778.042257
267 3.160210 781.202467
268 5.334237 786.536704
269 9.827192 796.363896
270 1.986901 798.350797
271 1.559795 799.910592
272 4.814335 804.724927
273 3.724896 808.449823
274 3.798424 812.248247
275 1.552400 813.800647
276 3.357663 817.158310
277 1.633125 818.791435
278 4.949830 823.741265
279 4.735925 828.477190
280 1.346730 829.823920
281 1.998434 831.822354
282 6.757027 838.579381
283 7.974751 846.554132
284 2.635386 849.189518
285 2.230279 851.419797
286 2.309225 853.729022
287 1.389408 855.118430
288 3.512188 858.630618
289 1.541654 860.172272
290 2.477000 862.649272
291 1.443819 864.093091
292 4.100589 868.193680
293 1.686682 869.880362
294 2.024824 871.905186
295 2.394994 874.300180
296 1.807896 876.108076
297 1.806071 877.914147
298 3.819553 881.733700
299 4.849936 886.583636
300 2.654791 889.238427
301 5.378622 894.617049
302 1.702813 896.319862
303 1.730582 898.050444
304 2.028592 900.079036
305 10.903369 910.982405
306 4.257990 915.240395
307 6.995252 922.235647
308 2.730554 924.966201
309 2.464991 927.431192
310 3.140503 930.571695
311 24.149364 954.721059
312 4.194869 958.915928
313 1.592916 960.508844
314 1.888257 962.397101
315 8.343620 970.740721
316 4.124793 974.865514
317 6.527891 981.393405
318 2.415623 983.809028
319 17.095130 1000.904158
320 3.945996 1004.850154
321 43.260970 1048.111124
322 25.519253 1073.630377
323 2.726636 1076.357013
324 3.350389 1079.707402
325 1.222481 1080.929883
326 1.321966 1082.251849
327 7.192842 1089.444691
328 7.727874 1097.172565
329 3.684475 1100.857040
330 9.604732 1110.461772
331 2.795069 1113.256841
332 7.182217 1120.439058
333 3.284969 1123.724027
334 11.531371 1135.255398
335 4.333316 1139.588714
336 3.182167 1142.770881
337 2.569087 1145.339968
338 9.723996 1155.063964
339 9.494368 1164.558332
340 2.110369 1166.668701
341 1.427431 1168.096132
342 1.888673 1169.984805
343 11.587720 1181.572525
344 12.649109 1194.221634
345 15.668731 1209.890365
346 6.208425 1216.098790
347 6.471474 1222.570264
348 5.270562 1227.840826
349 20.044715 1247.885541
350 5.736955 1253.622496
351 15.384555 1269.007051
352 14.164247 1283.171298
353 2.558589 1285.729887
354 6.863790 1292.593677
355 3.205160 1295.798837
356 8.555874 1304.354711
357 7.804463 1312.159174
358 2.960652 1315.119826
359 7.995903 1323.115729
360 8.633645 1331.749374
361 1.863338 1333.612712
362 5.265832 1338.878544
done 362 22.221439 1361.099983
