# instance assign_to_final.Fattree_n12_k2_bw10_cpu16.pn.instance_list_15vm_rnd.txt.pn.json
# Settings: Namespace(PN='../secondnet/final_pns_json/final.Fattree_n12_k2_bw10_cpu16.pn.instance_list_15vm_rnd.txt.pn.json', VDC_LIST='../../../instances/fattree-bcube/instance_list_15vm_rnd.txt', affinity=False, affinity_soft=True, allow_virtual_switches_in_switches=True, anti_affinity=False, assert_all_physical_edges=False, binary_search=True, bitblast_addition=False, bitblast_addition_shadow=False, configured=True, conflict_limit=-1, deallocate_prob=0.0, debug=False, decide_opt_lits=True, directed_links=True, flush_pb_theory=False, force_virtual_switches=False, ignore_ram_constraints=True, ignore_storage_constraints=True, ijcai_settings=False, intrinsic_edge_constraints=False, intrinsic_edge_sets=True, logfile=None, max_cores=1, max_ram=1, max_storage=1, max_vms=15, min_cores=False, min_servers=False, opt_conflict_limit=0, opt_detect_sat=False, opt_time_limit=-1, output=None, popcount='BV', prop_assumps=True, refine_flow=True, remove_all_flow_cycles=False, remove_flow_cycles=False, remove_flow_cycles_python=False, rnd_restart=True, rnd_theory_freq=0.99, rnd_theory_order=False, separate_reach_constraints=False, static_flow_caps=True, theory_order_vsids=True, timelog='./timelogs/config_results_vdcmapper_fattree12_15vm', tree_addition=True, use_cover_for_refinement=True, use_min_cost_max_flow=False, vsids_balance=1, vsids_both=True)
init 11.723652 11.723652
1 34.578619 46.302271
2 5.354214 51.656485
3 39.818200 91.474685
4 5.862909 97.337594
5 11.930557 109.268151
6 11.487009 120.755160
7 55.687482 176.442642
8 7.829812 184.272454
9 12.237820 196.510274
10 24.018798 220.529072
11 8.982490 229.511562
12 34.149258 263.660820
13 8.134780 271.795600
14 15.936621 287.732221
15 4.084311 291.816532
16 11.561250 303.377782
17 2.703341 306.081123
18 15.350937 321.432060
19 5.728973 327.161033
20 19.006284 346.167317
21 20.063163 366.230480
22 12.197703 378.428183
23 24.860905 403.289088
24 46.954341 450.243429
25 11.306758 461.550187
26 154.613832 616.164019
27 51.215551 667.379570
28 84.989411 752.368981
29 18.611293 770.980274
30 29.954353 800.934627
31 6.191820 807.126447
32 14.087951 821.214398
33 13.727517 834.941915
34 19.986610 854.928525
35 8.398773 863.327298
36 39.534263 902.861561
37 49.707485 952.569046
38 30.140930 982.709976
39 49.925257 1032.635233
40 18.882416 1051.517649
41 159.355997 1210.873646
42 40.894672 1251.768318
43 32.720205 1284.488523
44 21.432525 1305.921048
45 4.131822 1310.052870
46 38.838293 1348.891163
47 69.664618 1418.555781
48 24.803143 1443.358924
49 59.301514 1502.660438
50 15.714625 1518.375063
51 12.436371 1530.811434
52 36.704079 1567.515513
53 61.178299 1628.693812
54 13.352099 1642.045911
55 27.941518 1669.987429
56 14.413973 1684.401402
57 21.993280 1706.394682
58 53.870768 1760.265450
59 9.077187 1769.342637
60 39.227925 1808.570562
61 16.920865 1825.491427
62 23.728927 1849.220354
63 8.453868 1857.674222
64 42.230477 1899.904699
65 10.320942 1910.225641
66 33.966936 1944.192577
67 9.493814 1953.686391
68 55.521852 2009.208243
69 31.544852 2040.753095
70 47.454407 2088.207502
71 31.838106 2120.045608
72 54.926673 2174.972281
73 8.666269 2183.638550
74 181.312878 2364.951428
75 25.564732 2390.516160
76 12.868741 2403.384901
77 11.378547 2414.763448
78 12.477963 2427.241411
79 22.741196 2449.982607
80 170.041363 2620.023970
81 26.145908 2646.169878
82 58.886543 2705.056421
83 11.628947 2716.685368
84 24.250066 2740.935434
85 9.939361 2750.874795
86 215.980067 2966.854862
87 30.699118 2997.553980
88 17.387061 3014.941041
89 66.414648 3081.355689
90 8.061669 3089.417358
91 147.801960 3237.219318
92 138.661645 3375.880963
93 33.711760 3409.592723
94 7.686309 3417.279032
95 22.637340 3439.916372
96 95.116677 3535.033049
97 7.729882 3542.762931
98 40.317019 3583.079950
99 14.487944 3597.567894
