# instance assign_to_final.Fattree_n16_k2_bw10_cpu16.pn.instance_list_6vm_rnd.txt.pn.json
# Settings: Namespace(PN='../secondnet/final_pns_json/final.Fattree_n16_k2_bw10_cpu16.pn.instance_list_6vm_rnd.txt.pn.json', VDC_LIST='../../../instances/fattree-bcube/instance_list_6vm_rnd.txt', affinity=False, affinity_soft=True, allow_virtual_switches_in_switches=True, anti_affinity=False, assert_all_physical_edges=False, binary_search=True, bitblast_addition=False, bitblast_addition_shadow=False, configured=True, conflict_limit=-1, deallocate_prob=0.0, debug=False, decide_opt_lits=True, directed_links=True, flush_pb_theory=False, force_virtual_switches=False, ignore_ram_constraints=True, ignore_storage_constraints=True, ijcai_settings=False, intrinsic_edge_constraints=False, intrinsic_edge_sets=True, logfile=None, max_cores=1, max_ram=1, max_storage=1, max_vms=6, min_cores=False, min_servers=False, opt_conflict_limit=0, opt_detect_sat=False, opt_time_limit=-1, output=None, popcount='BV', prop_assumps=True, refine_flow=True, remove_all_flow_cycles=False, remove_flow_cycles=False, remove_flow_cycles_python=False, rnd_restart=True, rnd_theory_freq=0.99, rnd_theory_order=False, separate_reach_constraints=False, static_flow_caps=True, theory_order_vsids=True, timelog='./timelogs/config_results_vdcmapper_fattree16_6vm', tree_addition=True, use_cover_for_refinement=True, use_min_cost_max_flow=False, vsids_balance=1, vsids_both=True)
init 12.559823 12.559823
1 8.288667 20.848490
2 1.631236 22.479726
3 1.431354 23.911080
4 1.599516 25.510596
5 3.056110 28.566706
6 1.990399 30.557105
7 3.034424 33.591529
8 1.492287 35.083816
9 1.535435 36.619251
10 1.425418 38.044669
11 1.559928 39.604597
12 1.788196 41.392793
13 10.792778 52.185571
14 9.126597 61.312168
15 1.632760 62.944928
16 1.867996 64.812924
17 1.480975 66.293899
18 1.761576 68.055475
19 1.370610 69.426085
20 2.108966 71.535051
21 3.400445 74.935496
22 1.798910 76.734406
23 2.286304 79.020710
24 10.447914 89.468624
25 1.834599 91.303223
26 1.401006 92.704229
27 1.442189 94.146418
28 1.554281 95.700699
29 1.981944 97.682643
30 1.623673 99.306316
31 1.844380 101.150696
32 1.526853 102.677549
33 2.327841 105.005390
34 5.532162 110.537552
35 1.997579 112.535131
36 2.099232 114.634363
37 1.882452 116.516815
38 1.666937 118.183752
39 1.859942 120.043694
40 1.558914 121.602608
41 2.094074 123.696682
42 1.560423 125.257105
43 2.010338 127.267443
44 1.926530 129.193973
45 1.494488 130.688461
46 1.973501 132.661962
47 2.753846 135.415808
48 1.953312 137.369120
49 1.885249 139.254369
50 1.587593 140.841962
51 2.409010 143.250972
52 10.541644 153.792616
53 1.636511 155.429127
54 1.789754 157.218881
55 1.548688 158.767569
56 1.740057 160.507626
57 2.466517 162.974143
58 1.474199 164.448342
59 1.432688 165.881030
60 1.882542 167.763572
61 1.471406 169.234978
62 1.455330 170.690308
63 2.613453 173.303761
64 2.002767 175.306528
65 4.098330 179.404858
66 1.855326 181.260184
67 1.919248 183.179432
68 1.489611 184.669043
69 3.741775 188.410818
70 1.617456 190.028274
71 1.608111 191.636385
72 1.658029 193.294414
73 1.587547 194.881961
74 1.898885 196.780846
75 2.185140 198.965986
76 3.539864 202.505850
77 2.953244 205.459094
78 2.127937 207.587031
79 9.541614 217.128645
80 1.634861 218.763506
81 1.656830 220.420336
82 2.154659 222.574995
83 1.526507 224.101502
84 1.688539 225.790041
85 1.751994 227.542035
86 1.953354 229.495389
87 3.011299 232.506688
88 1.586447 234.093135
89 1.513829 235.606964
90 3.143571 238.750535
91 2.524603 241.275138
92 3.743820 245.018958
93 2.068267 247.087225
94 5.791370 252.878595
95 3.474083 256.352678
96 2.062056 258.414734
97 1.532111 259.946845
98 1.723318 261.670163
99 2.504110 264.174273
100 1.588866 265.763139
101 1.574845 267.337984
102 1.566845 268.904829
103 2.190941 271.095770
104 2.974519 274.070289
105 1.774117 275.844406
106 2.019799 277.864205
107 1.550045 279.414250
108 1.835766 281.250016
109 2.330438 283.580454
110 1.687309 285.267763
111 1.574080 286.841843
112 1.546457 288.388300
113 1.777071 290.165371
114 4.845077 295.010448
115 2.071341 297.081789
116 1.661470 298.743259
117 2.028202 300.771461
118 1.772586 302.544047
119 1.876582 304.420629
120 2.135845 306.556474
121 1.911533 308.468007
122 1.757992 310.225999
123 1.493103 311.719102
124 1.550440 313.269542
125 1.905580 315.175122
126 1.772291 316.947413
127 2.046499 318.993912
128 1.838309 320.832221
129 2.394224 323.226445
130 4.157196 327.383641
131 1.806129 329.189770
132 2.106776 331.296546
133 1.497314 332.793860
134 2.071534 334.865394
135 3.249647 338.115041
136 2.589781 340.704822
137 11.775594 352.480416
138 1.671891 354.152307
139 1.722165 355.874472
140 1.636030 357.510502
141 2.269231 359.779733
142 2.670983 362.450716
143 1.673917 364.124633
144 2.377435 366.502068
145 1.727306 368.229374
146 1.517377 369.746751
147 1.905211 371.651962
148 2.151425 373.803387
149 1.700408 375.503795
150 2.917716 378.421511
151 2.206380 380.627891
152 2.675123 383.303014
153 2.194826 385.497840
154 1.509130 387.006970
155 3.852404 390.859374
156 3.155161 394.014535
157 4.309490 398.324025
158 5.661428 403.985453
159 2.399367 406.384820
160 3.077723 409.462543
161 2.394780 411.857323
162 2.014079 413.871402
163 1.814454 415.685856
164 2.077730 417.763586
165 3.933892 421.697478
166 9.803482 431.500960
167 1.766592 433.267552
168 1.901391 435.168943
169 3.392947 438.561890
170 3.028424 441.590314
171 1.774297 443.364611
172 1.883039 445.247650
173 3.563971 448.811621
174 1.528491 450.340112
175 1.766522 452.106634
176 3.131319 455.237953
177 1.808561 457.046514
178 2.436341 459.482855
179 1.539781 461.022636
180 1.821655 462.844291
181 4.056228 466.900519
182 3.507803 470.408322
183 2.523423 472.931745
184 1.962705 474.894450
185 2.322562 477.217012
186 2.980492 480.197504
187 3.546073 483.743577
188 1.928434 485.672011
189 1.918789 487.590800
190 1.700513 489.291313
191 1.886937 491.178250
192 2.087329 493.265579
193 2.646895 495.912474
194 1.554243 497.466717
195 1.763728 499.230445
196 7.517409 506.747854
197 3.104199 509.852053
198 2.997554 512.849607
199 2.505500 515.355107
200 3.521123 518.876230
201 2.233121 521.109351
202 5.409217 526.518568
203 2.134675 528.653243
204 6.161473 534.814716
205 1.639145 536.453861
206 2.107414 538.561275
207 1.568100 540.129375
208 2.542111 542.671486
209 1.791302 544.462788
210 1.855096 546.317884
211 2.262570 548.580454
212 2.990037 551.570491
213 2.490815 554.061306
214 2.176366 556.237672
215 2.665037 558.902709
216 3.904715 562.807424
217 5.643137 568.450561
218 1.878849 570.329410
219 2.452390 572.781800
220 2.974658 575.756458
221 2.515625 578.272083
222 2.302547 580.574630
223 2.072744 582.647374
224 2.198102 584.845476
225 2.518953 587.364429
226 3.359252 590.723681
227 2.114988 592.838669
228 2.032054 594.870723
229 1.694631 596.565354
230 3.930450 600.495804
231 1.710575 602.206379
232 4.403596 606.609975
233 3.733687 610.343662
234 3.571711 613.915373
235 2.799915 616.715288
236 1.917992 618.633280
237 2.533479 621.166759
238 3.229967 624.396726
239 2.742866 627.139592
240 1.977899 629.117491
241 2.734572 631.852063
242 1.814732 633.666795
243 2.209643 635.876438
244 4.232258 640.108696
245 1.957815 642.066511
246 1.876886 643.943397
247 2.285966 646.229363
248 2.572204 648.801567
249 8.148143 656.949710
250 2.800333 659.750043
251 1.910301 661.660344
252 1.964772 663.625116
253 2.839866 666.464982
254 1.751468 668.216450
255 5.173633 673.390083
256 5.019115 678.409198
257 3.803300 682.212498
258 5.291275 687.503773
259 1.833531 689.337304
260 2.646250 691.983554
261 3.287621 695.271175
262 1.914446 697.185621
263 3.879882 701.065503
264 5.375658 706.441161
265 2.302226 708.743387
266 2.067682 710.811069
267 5.794545 716.605614
268 1.901279 718.506893
269 2.925084 721.431977
270 2.916894 724.348871
271 1.747599 726.096470
272 3.016328 729.112798
273 2.007355 731.120153
274 1.648820 732.768973
275 2.343841 735.112814
276 2.242293 737.355107
277 2.018140 739.373247
278 1.850768 741.224015
279 1.919954 743.143969
280 3.286764 746.430733
281 2.132000 748.562733
282 3.990787 752.553520
283 1.732710 754.286230
284 2.583215 756.869445
285 5.197365 762.066810
286 1.814496 763.881306
287 2.147326 766.028632
288 2.985211 769.013843
289 1.999052 771.012895
290 2.129710 773.142605
291 4.387810 777.530415
292 2.897181 780.427596
293 2.966081 783.393677
294 3.388186 786.781863
295 2.076546 788.858409
296 2.210609 791.069018
297 1.874822 792.943840
298 1.713722 794.657562
299 1.997190 796.654752
300 1.631763 798.286515
301 2.634966 800.921481
302 1.840016 802.761497
303 1.848259 804.609756
304 1.956325 806.566081
305 2.884152 809.450233
306 2.349584 811.799817
307 1.704014 813.503831
308 9.342780 822.846611
309 3.296842 826.143453
310 3.788150 829.931603
311 2.540968 832.472571
312 1.764867 834.237438
313 1.716358 835.953796
314 2.576189 838.529985
315 1.946713 840.476698
316 2.795775 843.272473
317 2.278424 845.550897
318 9.440922 854.991819
319 2.002394 856.994213
320 3.879363 860.873576
321 3.102822 863.976398
322 2.234691 866.211089
323 5.899501 872.110590
324 2.767195 874.877785
325 2.633885 877.511670
326 1.829450 879.341120
327 2.414684 881.755804
328 1.778476 883.534280
329 2.178820 885.713100
330 2.078073 887.791173
331 2.030812 889.821985
332 8.591557 898.413542
333 2.580209 900.993751
334 2.195963 903.189714
335 1.731006 904.920720
336 1.750236 906.670956
337 1.797836 908.468792
338 3.421448 911.890240
339 10.513942 922.404182
340 5.387426 927.791608
341 1.802750 929.594358
342 2.244884 931.839242
343 4.151942 935.991184
344 4.764617 940.755801
345 3.472569 944.228370
346 2.070643 946.299013
347 1.896097 948.195110
348 5.018056 953.213166
349 4.698617 957.911783
350 2.225064 960.136847
351 2.153873 962.290720
352 2.824683 965.115403
353 1.984369 967.099772
354 1.873328 968.973100
355 2.139405 971.112505
356 2.684230 973.796735
357 2.208382 976.005117
358 2.230062 978.235179
359 3.061930 981.297109
360 3.003759 984.300868
361 3.105757 987.406625
362 17.847713 1005.254338
363 3.509558 1008.763896
364 2.456201 1011.220097
365 1.916443 1013.136540
366 2.385553 1015.522093
367 2.055524 1017.577617
368 3.594765 1021.172382
369 2.314414 1023.486796
370 3.946871 1027.433667
371 3.020477 1030.454144
372 3.614822 1034.068966
373 1.810469 1035.879435
374 2.187978 1038.067413
375 2.092734 1040.160147
376 1.846656 1042.006803
377 1.801486 1043.808289
378 5.571325 1049.379614
379 5.707291 1055.086905
380 13.063930 1068.150835
381 2.425281 1070.576116
382 2.072808 1072.648924
383 7.899733 1080.548657
384 5.121155 1085.669812
385 7.021769 1092.691581
386 1.885869 1094.577450
387 6.098185 1100.675635
388 3.383735 1104.059370
389 2.660253 1106.719623
390 1.775946 1108.495569
391 2.682562 1111.178131
392 7.096957 1118.275088
393 3.481187 1121.756275
394 5.546030 1127.302305
395 2.922514 1130.224819
396 14.509561 1144.734380
397 2.535424 1147.269804
398 1.980008 1149.249812
399 4.107719 1153.357531
400 5.088127 1158.445658
401 7.595612 1166.041270
402 2.592157 1168.633427
403 2.374936 1171.008363
404 2.320305 1173.328668
405 2.228842 1175.557510
406 1.839316 1177.396826
407 2.338542 1179.735368
408 1.949839 1181.685207
409 2.662002 1184.347209
410 3.120183 1187.467392
411 2.575569 1190.042961
412 2.975319 1193.018280
413 1.960862 1194.979142
414 1.834751 1196.813893
415 3.147684 1199.961577
416 4.985181 1204.946758
417 2.014145 1206.960903
418 2.443760 1209.404663
419 2.446236 1211.850899
420 2.000743 1213.851642
421 2.231848 1216.083490
422 3.073237 1219.156727
423 2.890794 1222.047521
424 2.421800 1224.469321
425 2.259799 1226.729120
426 1.973293 1228.702413
427 2.220177 1230.922590
428 4.242166 1235.164756
429 2.890078 1238.054834
430 3.191749 1241.246583
431 1.739409 1242.985992
432 1.845766 1244.831758
433 3.086407 1247.918165
434 2.032044 1249.950209
435 2.691418 1252.641627
436 1.935585 1254.577212
437 5.611679 1260.188891
438 2.629864 1262.818755
439 3.576242 1266.394997
440 2.808433 1269.203430
441 6.164268 1275.367698
442 4.168584 1279.536282
443 2.526553 1282.062835
444 3.206179 1285.269014
445 2.715607 1287.984621
446 2.278060 1290.262681
447 3.259121 1293.521802
448 1.902410 1295.424212
449 2.117940 1297.542152
450 1.931488 1299.473640
451 1.895711 1301.369351
452 3.708006 1305.077357
453 2.473722 1307.551079
454 2.608026 1310.159105
455 4.692210 1314.851315
456 2.134682 1316.985997
457 1.850505 1318.836502
458 3.519447 1322.355949
459 2.125383 1324.481332
460 2.645773 1327.127105
461 2.039838 1329.166943
462 2.595184 1331.762127
463 1.846497 1333.608624
464 1.994405 1335.603029
465 2.173263 1337.776292
466 1.926304 1339.702596
467 1.856504 1341.559100
468 4.111490 1345.670590
469 2.063914 1347.734504
470 4.936045 1352.670549
471 2.310787 1354.981336
472 3.685135 1358.666471
473 4.939988 1363.606459
474 2.572657 1366.179116
475 8.298992 1374.478108
476 2.851746 1377.329854
477 1.968382 1379.298236
478 2.532387 1381.830623
479 1.884066 1383.714689
480 1.862198 1385.576887
481 1.908343 1387.485230
482 3.560335 1391.045565
483 8.552497 1399.598062
484 7.449626 1407.047688
485 2.193147 1409.240835
486 2.642667 1411.883502
487 2.041551 1413.925053
488 3.271186 1417.196239
489 2.088804 1419.285043
490 2.329382 1421.614425
491 2.225328 1423.839753
492 3.021054 1426.860807
493 2.939699 1429.800506
494 2.438299 1432.238805
495 1.878817 1434.117622
496 1.859979 1435.977601
497 2.214644 1438.192245
498 3.543559 1441.735804
499 2.418174 1444.153978
500 4.090858 1448.244836
501 2.288800 1450.533636
502 1.975956 1452.509592
503 5.497723 1458.007315
504 4.025993 1462.033308
505 3.131465 1465.164773
506 8.676936 1473.841709
507 2.342052 1476.183761
508 3.677756 1479.861517
509 2.356381 1482.217898
510 4.802375 1487.020273
511 2.946310 1489.966583
512 2.492362 1492.458945
513 7.787802 1500.246747
514 2.436908 1502.683655
515 1.869761 1504.553416
516 3.971530 1508.524946
517 3.460130 1511.985076
518 2.224007 1514.209083
519 2.416194 1516.625277
520 1.843087 1518.468364
521 3.650696 1522.119060
522 1.848085 1523.967145
523 3.051354 1527.018499
524 2.523724 1529.542223
525 2.275573 1531.817796
526 2.252093 1534.069889
527 2.096362 1536.166251
528 2.208119 1538.374370
529 2.108959 1540.483329
530 2.228861 1542.712190
531 1.878089 1544.590279
532 2.260462 1546.850741
533 4.545432 1551.396173
534 3.111215 1554.507388
535 4.757340 1559.264728
536 2.154070 1561.418798
537 5.051780 1566.470578
538 2.982538 1569.453116
539 1.947747 1571.400863
540 3.175767 1574.576630
541 6.762139 1581.338769
542 2.123004 1583.461773
543 3.586885 1587.048658
544 3.610217 1590.658875
545 2.351380 1593.010255
546 2.917999 1595.928254
547 2.879141 1598.807395
548 3.980321 1602.787716
549 2.356158 1605.143874
550 6.073389 1611.217263
551 2.927932 1614.145195
552 11.622140 1625.767335
553 4.091544 1629.858879
554 3.948503 1633.807382
555 2.330197 1636.137579
556 8.744077 1644.881656
557 2.510510 1647.392166
558 3.766405 1651.158571
559 6.336223 1657.494794
560 2.276906 1659.771700
561 2.158073 1661.929773
562 1.925850 1663.855623
563 2.071364 1665.926987
564 2.000574 1667.927561
565 2.694420 1670.621981
566 1.864370 1672.486351
567 2.120142 1674.606493
568 4.285384 1678.891877
569 4.228911 1683.120788
570 2.137669 1685.258457
571 2.802292 1688.060749
572 2.114155 1690.174904
573 2.012720 1692.187624
574 2.722659 1694.910283
575 5.031189 1699.941472
576 4.980568 1704.922040
577 4.120061 1709.042101
578 3.984742 1713.026843
579 4.400615 1717.427458
580 11.845991 1729.273449
581 3.800523 1733.073972
582 2.526915 1735.600887
583 2.415311 1738.016198
584 3.308418 1741.324616
585 3.180968 1744.505584
586 7.230923 1751.736507
587 2.709478 1754.445985
588 2.448412 1756.894397
589 7.744771 1764.639168
590 1.886176 1766.525344
591 2.074636 1768.599980
592 3.352128 1771.952108
593 2.554180 1774.506288
594 7.043913 1781.550201
595 2.174418 1783.724619
596 2.115880 1785.840499
597 5.549872 1791.390371
598 2.257955 1793.648326
599 2.160884 1795.809210
600 3.841447 1799.650657
601 7.262505 1806.913162
602 7.496353 1814.409515
603 2.648505 1817.058020
604 2.129745 1819.187765
605 2.220910 1821.408675
606 1.858681 1823.267356
607 4.410879 1827.678235
608 2.063481 1829.741716
609 8.161268 1837.902984
610 6.753635 1844.656619
611 2.480042 1847.136661
612 2.427070 1849.563731
613 2.023078 1851.586809
614 5.032935 1856.619744
615 1.978094 1858.597838
616 2.180455 1860.778293
617 4.346146 1865.124439
618 4.502792 1869.627231
619 2.389143 1872.016374
620 2.052358 1874.068732
621 2.208514 1876.277246
622 2.317522 1878.594768
623 3.103863 1881.698631
624 2.691742 1884.390373
625 3.784151 1888.174524
626 3.944923 1892.119447
627 4.723260 1896.842707
628 5.186222 1902.028929
629 9.938813 1911.967742
630 2.015902 1913.983644
631 2.834815 1916.818459
632 2.471318 1919.289777
633 2.105841 1921.395618
634 2.409684 1923.805302
635 3.047639 1926.852941
636 2.012799 1928.865740
637 2.497285 1931.363025
638 1.938362 1933.301387
639 4.866717 1938.168104
640 2.807172 1940.975276
641 2.674469 1943.649745
642 5.677225 1949.326970
643 7.895142 1957.222112
644 3.282708 1960.504820
645 2.490290 1962.995110
646 3.605601 1966.600711
647 2.814595 1969.415306
648 2.446955 1971.862261
649 2.042423 1973.904684
650 2.517675 1976.422359
651 3.396203 1979.818562
652 2.300113 1982.118675
653 1.970023 1984.088698
654 4.572331 1988.661029
655 4.907798 1993.568827
656 6.423993 1999.992820
657 3.902411 2003.895231
658 2.317644 2006.212875
659 2.218292 2008.431167
660 2.137097 2010.568264
661 2.181253 2012.749517
662 2.494153 2015.243670
663 4.002723 2019.246393
664 2.254181 2021.500574
665 1.975238 2023.475812
666 1.862287 2025.338099
667 12.289653 2037.627752
668 11.660245 2049.287997
669 2.867039 2052.155036
670 3.859681 2056.014717
671 2.955435 2058.970152
672 3.226730 2062.196882
673 1.990745 2064.187627
674 2.488626 2066.676253
675 2.658178 2069.334431
676 2.317249 2071.651680
677 10.985041 2082.636721
678 3.814454 2086.451175
679 1.980992 2088.432167
680 3.875921 2092.308088
681 2.490135 2094.798223
682 2.776655 2097.574878
683 2.508156 2100.083034
684 2.467355 2102.550389
685 2.816228 2105.366617
686 2.139348 2107.505965
687 2.328865 2109.834830
688 4.156043 2113.990873
689 2.155798 2116.146671
690 6.590522 2122.737193
691 3.313275 2126.050468
692 1.988319 2128.038787
693 1.976418 2130.015205
694 3.488458 2133.503663
695 8.447061 2141.950724
696 4.516033 2146.466757
697 4.538216 2151.004973
698 3.337872 2154.342845
699 1.881396 2156.224241
700 2.027233 2158.251474
701 2.521889 2160.773363
702 3.524569 2164.297932
703 2.834408 2167.132340
704 4.097070 2171.229410
705 4.263800 2175.493210
706 2.567199 2178.060409
707 2.686264 2180.746673
708 3.794138 2184.540811
709 2.547378 2187.088189
710 6.104539 2193.192728
711 3.139964 2196.332692
712 2.017025 2198.349717
713 1.968075 2200.317792
714 13.054517 2213.372309
715 3.508159 2216.880468
716 2.763300 2219.643768
717 2.688131 2222.331899
718 2.575645 2224.907544
719 3.274501 2228.182045
720 2.404403 2230.586448
721 2.929706 2233.516154
722 2.331623 2235.847777
723 2.364971 2238.212748
724 2.795748 2241.008496
725 2.437079 2243.445575
726 3.166061 2246.611636
727 3.177112 2249.788748
728 3.000549 2252.789297
729 2.309077 2255.098374
730 2.820492 2257.918866
731 5.886982 2263.805848
732 6.150844 2269.956692
733 2.257173 2272.213865
734 1.974031 2274.187896
735 2.118154 2276.306050
736 4.503169 2280.809219
737 4.232616 2285.041835
738 2.408917 2287.450752
739 3.769416 2291.220168
740 2.928776 2294.148944
741 2.485830 2296.634774
742 2.786737 2299.421511
743 2.331681 2301.753192
744 7.594061 2309.347253
745 11.030362 2320.377615
746 4.068204 2324.445819
747 4.659198 2329.105017
748 3.994650 2333.099667
749 2.157731 2335.257398
750 2.746172 2338.003570
751 3.487515 2341.491085
752 2.528661 2344.019746
753 4.861053 2348.880799
754 6.663186 2355.543985
755 2.646795 2358.190780
756 3.060351 2361.251131
757 3.159687 2364.410818
758 2.467704 2366.878522
759 2.127909 2369.006431
760 3.752357 2372.758788
761 2.248764 2375.007552
762 3.251217 2378.258769
763 4.422009 2382.680778
764 5.483557 2388.164335
765 5.167677 2393.332012
766 4.957233 2398.289245
767 3.105205 2401.394450
768 2.224150 2403.618600
769 2.393109 2406.011709
770 2.358555 2408.370264
771 5.548062 2413.918326
772 2.991481 2416.909807
773 5.097822 2422.007629
774 2.794127 2424.801756
775 2.278464 2427.080220
776 5.246450 2432.326670
777 9.425832 2441.752502
778 4.694560 2446.447062
779 5.406578 2451.853640
780 2.335881 2454.189521
781 2.323440 2456.512961
782 2.329682 2458.842643
783 6.171502 2465.014145
784 8.330093 2473.344238
785 3.494895 2476.839133
786 5.538188 2482.377321
787 5.241143 2487.618464
788 5.573185 2493.191649
789 2.533684 2495.725333
790 2.974944 2498.700277
791 2.570198 2501.270475
792 2.484900 2503.755375
793 5.699485 2509.454860
794 5.069986 2514.524846
795 2.667171 2517.192017
796 3.286073 2520.478090
797 8.370924 2528.849014
798 7.293423 2536.142437
799 3.329085 2539.471522
800 6.059894 2545.531416
801 3.625640 2549.157056
802 2.358165 2551.515221
803 3.501665 2555.016886
804 4.574204 2559.591090
805 4.266414 2563.857504
806 9.179985 2573.037489
807 2.442605 2575.480094
808 3.371700 2578.851794
809 2.551160 2581.402954
810 2.176320 2583.579274
811 3.479356 2587.058630
812 5.032175 2592.090805
813 4.682256 2596.773061
814 3.029465 2599.802526
815 2.276151 2602.078677
816 3.783928 2605.862605
817 3.175124 2609.037729
818 3.150580 2612.188309
819 2.113072 2614.301381
820 5.121768 2619.423149
821 3.667818 2623.090967
822 4.105854 2627.196821
823 4.096118 2631.292939
824 4.775336 2636.068275
825 2.310055 2638.378330
826 3.814472 2642.192802
827 7.907453 2650.100255
828 3.352249 2653.452504
829 3.640694 2657.093198
830 4.836356 2661.929554
831 5.896077 2667.825631
832 5.176360 2673.001991
833 3.769774 2676.771765
834 13.872521 2690.644286
835 6.165168 2696.809454
836 15.774373 2712.583827
837 2.677198 2715.261025
838 2.200915 2717.461940
839 3.888503 2721.350443
840 6.172485 2727.522928
841 2.308317 2729.831245
842 2.158669 2731.989914
843 2.193294 2734.183208
844 2.578173 2736.761381
845 3.808811 2740.570192
846 3.874361 2744.444553
847 4.892864 2749.337417
848 2.590809 2751.928226
849 2.722846 2754.651072
850 3.852755 2758.503827
851 3.163174 2761.667001
852 2.829915 2764.496916
853 4.088551 2768.585467
854 3.463125 2772.048592
855 2.436035 2774.484627
856 3.303382 2777.788009
857 2.477751 2780.265760
858 3.490940 2783.756700
859 2.731207 2786.487907
860 2.191592 2788.679499
861 2.476372 2791.155871
862 2.289204 2793.445075
863 3.979259 2797.424334
864 4.272227 2801.696561
865 2.892251 2804.588812
866 6.266827 2810.855639
867 3.663042 2814.518681
868 3.848613 2818.367294
869 3.872709 2822.240003
870 3.379166 2825.619169
871 4.572382 2830.191551
872 2.712021 2832.903572
873 2.831475 2835.735047
874 3.074284 2838.809331
875 3.801999 2842.611330
876 4.801019 2847.412349
877 2.411075 2849.823424
878 2.628872 2852.452296
879 3.049355 2855.501651
880 2.478628 2857.980279
881 4.057543 2862.037822
882 2.799629 2864.837451
883 4.838380 2869.675831
884 2.811188 2872.487019
885 3.353290 2875.840309
886 6.406597 2882.246906
887 2.228899 2884.475805
888 4.294623 2888.770428
889 1.903614 2890.674042
890 4.672690 2895.346732
891 5.885680 2901.232412
892 1.969319 2903.201731
893 2.116618 2905.318349
894 3.236988 2908.555337
895 3.625275 2912.180612
896 3.555622 2915.736234
897 5.782863 2921.519097
898 3.367639 2924.886736
899 2.785245 2927.671981
900 2.297961 2929.969942
901 2.706816 2932.676758
902 4.920458 2937.597216
903 6.918887 2944.516103
904 5.058065 2949.574168
905 6.065822 2955.639990
906 2.359381 2957.999371
907 2.528059 2960.527430
908 11.446270 2971.973700
909 3.408367 2975.382067
910 4.833139 2980.215206
911 7.384252 2987.599458
912 2.405713 2990.005171
913 2.643110 2992.648281
914 2.825110 2995.473391
915 2.237480 2997.710871
916 5.207570 3002.918441
917 3.946263 3006.864704
918 3.285324 3010.150028
919 2.501982 3012.652010
920 2.120426 3014.772436
921 2.385764 3017.158200
922 2.485420 3019.643620
923 6.871577 3026.515197
924 3.150250 3029.665447
925 9.786998 3039.452445
926 6.481440 3045.933885
927 4.932205 3050.866090
928 6.361825 3057.227915
929 3.383722 3060.611637
930 3.762625 3064.374262
931 2.981755 3067.356017
932 2.152556 3069.508573
933 2.324426 3071.832999
934 4.639461 3076.472460
935 8.187678 3084.660138
936 13.195649 3097.855787
937 4.141858 3101.997645
938 2.542668 3104.540313
939 3.867880 3108.408193
940 2.741405 3111.149598
941 3.961327 3115.110925
942 2.675055 3117.785980
943 2.544292 3120.330272
944 2.593175 3122.923447
945 6.978719 3129.902166
946 3.206224 3133.108390
947 7.562667 3140.671057
948 9.327400 3149.998457
949 2.773066 3152.771523
950 2.645580 3155.417103
951 3.517464 3158.934567
952 2.606055 3161.540622
953 2.566315 3164.106937
954 2.982080 3167.089017
955 4.108682 3171.197699
956 4.686890 3175.884589
957 3.180181 3179.064770
958 2.883511 3181.948281
959 3.313884 3185.262165
960 3.713554 3188.975719
961 2.539665 3191.515384
962 2.835606 3194.350990
963 6.567984 3200.918974
964 8.413635 3209.332609
965 4.066291 3213.398900
966 6.525160 3219.924060
967 5.766855 3225.690915
968 4.192713 3229.883628
969 5.154081 3235.037709
970 5.794684 3240.832393
971 2.723988 3243.556381
972 3.630747 3247.187128
973 2.703363 3249.890491
974 4.058166 3253.948657
975 5.193422 3259.142079
976 3.706688 3262.848767
977 6.330064 3269.178831
978 4.294347 3273.473178
979 2.974645 3276.447823
980 4.327315 3280.775138
981 4.778285 3285.553423
982 2.752121 3288.305544
983 2.103372 3290.408916
984 7.431815 3297.840731
985 3.759649 3301.600380
986 6.926569 3308.526949
987 4.631823 3313.158772
988 3.095234 3316.254006
989 2.624327 3318.878333
990 2.438984 3321.317317
991 4.424397 3325.741714
992 4.506061 3330.247775
993 13.608078 3343.855853
994 5.861138 3349.716991
995 2.379542 3352.096533
996 2.382142 3354.478675
997 2.984670 3357.463345
998 5.132034 3362.595379
999 7.771787 3370.367166
1000 3.867430 3374.234596
1001 2.234242 3376.468838
1002 2.032153 3378.500991
1003 2.261663 3380.762654
1004 3.660428 3384.423082
1005 8.057365 3392.480447
1006 3.243033 3395.723480
1007 2.517843 3398.241323
1008 3.309489 3401.550812
1009 2.625537 3404.176349
1010 3.446294 3407.622643
1011 2.864473 3410.487116
1012 2.638394 3413.125510
1013 9.361498 3422.487008
1014 3.471709 3425.958717
1015 2.221101 3428.179818
1016 4.127268 3432.307086
1017 7.005293 3439.312379
1018 9.154228 3448.466607
1019 3.607457 3452.074064
1020 8.670007 3460.744071
1021 5.859804 3466.603875
1022 2.893109 3469.496984
1023 4.400134 3473.897118
1024 3.759632 3477.656750
1025 3.789604 3481.446354
1026 6.566859 3488.013213
1027 2.121260 3490.134473
1028 3.669583 3493.804056
1029 2.766466 3496.570522
1030 3.338267 3499.908789
1031 10.027619 3509.936408
1032 4.602826 3514.539234
1033 2.920282 3517.459516
1034 5.224954 3522.684470
1035 4.092531 3526.777001
1036 6.637026 3533.414027
1037 2.879724 3536.293751
1038 3.212196 3539.505947
1039 3.050989 3542.556936
1040 3.124761 3545.681697
1041 3.740750 3549.422447
1042 6.344727 3555.767174
1043 5.059412 3560.826586
1044 2.475202 3563.301788
1045 2.277515 3565.579303
1046 4.162563 3569.741866
1047 28.409448 3598.151314
