# instance assign_to_final.Fattree_n8_k2_bw10_cpu16.pn.instance_list_6vm_rnd.txt.pn.json
# Settings: Namespace(PN='../secondnet/final_pns_json/final.Fattree_n8_k2_bw10_cpu16.pn.instance_list_6vm_rnd.txt.pn.json', VDC_LIST='../../../instances/fattree-bcube/instance_list_6vm_rnd.txt', affinity=False, affinity_soft=True, allow_virtual_switches_in_switches=True, anti_affinity=False, assert_all_physical_edges=False, binary_search=True, bitblast_addition=False, bitblast_addition_shadow=False, configured=True, conflict_limit=-1, deallocate_prob=0.0, debug=False, decide_opt_lits=True, directed_links=True, flush_pb_theory=False, force_virtual_switches=False, ignore_ram_constraints=True, ignore_storage_constraints=True, ijcai_settings=False, intrinsic_edge_constraints=False, intrinsic_edge_sets=True, logfile=None, max_cores=1, max_ram=1, max_storage=1, max_vms=6, min_cores=False, min_servers=False, opt_conflict_limit=0, opt_detect_sat=False, opt_time_limit=-1, output=None, popcount='BV', prop_assumps=True, refine_flow=True, remove_all_flow_cycles=False, remove_flow_cycles=False, remove_flow_cycles_python=False, rnd_restart=True, rnd_theory_freq=0.99, rnd_theory_order=False, separate_reach_constraints=False, static_flow_caps=True, theory_order_vsids=True, timelog='./timelogs/config_results_vdcmapper_fattree8_6vm', tree_addition=True, use_cover_for_refinement=True, use_min_cost_max_flow=False, vsids_balance=1, vsids_both=True)
init 1.490844 1.490844
1 1.087783 2.578627
2 0.174468 2.753095
3 0.171922 2.925017
4 0.223398 3.148415
5 0.364426 3.512841
6 0.260853 3.773694
7 0.431427 4.205121
8 0.222881 4.428002
9 0.178867 4.606869
10 0.190109 4.796978
11 0.204920 5.001898
12 0.190949 5.192847
13 0.214321 5.407168
14 0.232391 5.639559
15 0.320839 5.960398
16 0.200626 6.161024
17 0.252816 6.413840
18 0.234847 6.648687
19 0.180498 6.829185
20 0.207128 7.036313
21 0.234770 7.271083
22 0.281479 7.552562
23 0.410596 7.963158
24 0.352581 8.315739
25 0.195638 8.511377
26 0.179597 8.690974
27 0.185558 8.876532
28 0.176077 9.052609
29 0.226664 9.279273
30 0.200108 9.479381
31 0.260582 9.739963
32 0.203210 9.943173
33 0.181653 10.124826
34 0.235967 10.360793
35 0.278036 10.638829
36 0.188083 10.826912
37 0.232922 11.059834
38 0.385404 11.445238
39 0.379253 11.824491
40 0.196082 12.020573
41 0.269822 12.290395
42 0.378252 12.668647
43 0.421998 13.090645
44 0.272570 13.363215
45 0.190730 13.553945
46 0.293920 13.847865
47 0.297122 14.144987
48 0.191868 14.336855
49 0.196075 14.532930
50 0.220460 14.753390
51 0.238820 14.992210
52 0.275008 15.267218
53 0.277868 15.545086
54 0.294147 15.839233
55 0.247506 16.086739
56 0.293434 16.380173
57 0.231629 16.611802
58 0.221130 16.832932
59 0.212148 17.045080
60 0.195693 17.240773
61 0.213577 17.454350
62 0.290904 17.745254
63 0.213791 17.959045
64 0.474181 18.433226
65 0.308051 18.741277
66 0.267782 19.009059
67 0.252250 19.261309
68 0.237975 19.499284
69 0.429034 19.928318
70 0.231662 20.159980
71 0.255784 20.415764
72 0.251959 20.667723
73 0.225182 20.892905
74 0.190990 21.083895
75 0.211606 21.295501
76 0.257402 21.552903
77 0.202194 21.755097
78 0.279171 22.034268
79 0.322198 22.356466
80 0.304005 22.660471
81 0.225986 22.886457
82 0.206865 23.093322
83 0.197365 23.290687
84 0.292911 23.583598
85 0.201019 23.784617
86 0.215110 23.999727
87 0.201263 24.200990
88 0.195483 24.396473
89 0.326264 24.722737
90 0.237483 24.960220
91 0.212816 25.173036
92 0.261604 25.434640
93 0.212125 25.646765
94 0.363114 26.009879
95 0.204440 26.214319
96 0.201387 26.415706
97 0.206093 26.621799
98 0.194753 26.816552
99 0.195837 27.012389
100 0.187092 27.199481
101 0.190021 27.389502
102 0.189843 27.579345
103 0.238956 27.818301
104 0.205351 28.023652
105 0.245908 28.269560
106 0.373044 28.642604
107 0.235067 28.877671
108 0.348915 29.226586
109 0.215848 29.442434
110 0.205453 29.647887
111 0.197009 29.844896
112 0.194983 30.039879
113 0.287410 30.327289
114 0.262238 30.589527
115 0.231687 30.821214
116 0.311909 31.133123
117 0.202224 31.335347
118 0.230435 31.565782
119 0.271441 31.837223
120 0.521599 32.358822
121 0.256636 32.615458
122 0.440418 33.055876
123 0.215605 33.271481
124 0.196525 33.468006
125 0.504424 33.972430
done 125 0.189999 34.162429
