# instance assign_to_final.BCube_n10_k2_bw10_cpu16.pn.instance_list_12vm_rnd.txt.pn.json
# Settings: Namespace(PN='../secondnet/final_pns_json/final.BCube_n10_k2_bw10_cpu16.pn.instance_list_12vm_rnd.txt.pn.json', VDC_LIST='../../../instances/fattree-bcube/instance_list_12vm_rnd.txt', affinity=False, affinity_soft=True, allow_virtual_switches_in_switches=True, anti_affinity=False, assert_all_physical_edges=False, binary_search=True, bitblast_addition=False, bitblast_addition_shadow=False, configured=True, conflict_limit=-1, deallocate_prob=0.0, debug=False, decide_opt_lits=True, directed_links=True, flush_pb_theory=False, force_virtual_switches=False, ignore_ram_constraints=True, ignore_storage_constraints=True, ijcai_settings=False, intrinsic_edge_constraints=False, intrinsic_edge_sets=True, logfile=None, max_cores=1, max_ram=1, max_storage=1, max_vms=12, min_cores=False, min_servers=False, opt_conflict_limit=0, opt_detect_sat=False, opt_time_limit=-1, output=None, popcount='BV', prop_assumps=True, refine_flow=True, remove_all_flow_cycles=False, remove_flow_cycles=False, remove_flow_cycles_python=False, rnd_restart=True, rnd_theory_freq=0.99, rnd_theory_order=False, separate_reach_constraints=False, static_flow_caps=True, theory_order_vsids=True, timelog='./timelogs/config_results_vdcmapper_bcube10_12vm', tree_addition=True, use_cover_for_refinement=True, use_min_cost_max_flow=False, vsids_balance=1, vsids_both=True)
init 22.675735 22.675735
1 29.393946 52.069681
2 4.118926 56.188607
3 3.666612 59.855219
4 11.714711 71.569930
5 4.330920 75.900850
6 5.170433 81.071283
7 7.601515 88.672798
8 10.999820 99.672618
9 10.394422 110.067040
10 11.307902 121.374942
11 11.018947 132.393889
12 10.736657 143.130546
13 15.303106 158.433652
14 23.946999 182.380651
15 26.860665 209.241316
16 27.093553 236.334869
17 10.703842 247.038711
18 10.668359 257.707070
19 49.432892 307.139962
20 35.757086 342.897048
21 42.401818 385.298866
22 89.840716 475.139582
23 37.220393 512.359975
24 17.430487 529.790462
25 49.148663 578.939125
26 14.230202 593.169327
27 19.125754 612.295081
28 13.754003 626.049084
29 8.879759 634.928843
30 26.581847 661.510690
31 9.869637 671.380327
32 47.690903 719.071230
33 13.467511 732.538741
34 15.982114 748.520855
35 47.864057 796.384912
36 12.397919 808.782831
37 35.721794 844.504625
38 22.533955 867.038580
39 24.578242 891.616822
40 19.787429 911.404251
41 36.921430 948.325681
42 10.496067 958.821748
43 55.690005 1014.511753
44 32.715421 1047.227174
45 29.137282 1076.364456
46 25.183316 1101.547772
47 12.880335 1114.428107
48 26.558134 1140.986241
49 32.652345 1173.638586
50 30.972065 1204.610651
51 21.510736 1226.121387
52 11.103550 1237.224937
53 28.407283 1265.632220
54 13.566171 1279.198391
55 10.321334 1289.519725
56 27.423368 1316.943093
57 29.850637 1346.793730
58 26.751727 1373.545457
59 9.254425 1382.799882
60 19.061805 1401.861687
61 9.398372 1411.260059
62 9.614555 1420.874614
63 21.612571 1442.487185
64 16.292311 1458.779496
65 32.262653 1491.042149
66 11.648245 1502.690394
67 12.852015 1515.542409
68 10.306745 1525.849154
69 8.315765 1534.164919
70 19.915386 1554.080305
71 31.785159 1585.865464
72 14.102935 1599.968399
73 38.897459 1638.865858
74 7.424046 1646.289904
75 32.045933 1678.335837
76 26.368483 1704.704320
77 24.836285 1729.540605
78 24.673942 1754.214547
79 10.265186 1764.479733
80 13.309566 1777.789299
81 18.473885 1796.263184
82 8.808671 1805.071855
83 7.105687 1812.177542
84 15.478256 1827.655798
85 13.810514 1841.466312
86 12.233014 1853.699326
87 5.666991 1859.366317
88 12.034488 1871.400805
89 8.744229 1880.145034
90 7.789991 1887.935025
91 15.163973 1903.098998
92 14.270181 1917.369179
93 120.013313 2037.382492
94 13.167509 2050.550001
95 8.438595 2058.988596
96 13.204880 2072.193476
97 35.709632 2107.903108
98 18.287057 2126.190165
99 17.842130 2144.032295
100 8.591636 2152.623931
101 6.633251 2159.257182
102 13.436025 2172.693207
103 5.639214 2178.332421
104 19.113949 2197.446370
105 7.354817 2204.801187
106 18.050337 2222.851524
107 12.487713 2235.339237
108 12.063894 2247.403131
109 11.816932 2259.220063
110 6.515167 2265.735230
111 17.243127 2282.978357
112 33.140460 2316.118817
113 8.911323 2325.030140
114 43.931969 2368.962109
115 8.836262 2377.798371
116 30.456991 2408.255362
117 8.789265 2417.044627
118 15.499015 2432.543642
119 50.650413 2483.194055
120 24.437254 2507.631309
121 7.045936 2514.677245
122 60.099361 2574.776606
123 15.460763 2590.237369
124 12.412893 2602.650262
125 21.409927 2624.060189
126 7.898699 2631.958888
127 6.573343 2638.532231
128 7.524130 2646.056361
129 30.293954 2676.350315
130 12.085507 2688.435822
131 38.594814 2727.030636
132 11.112984 2738.143620
133 5.687334 2743.830954
134 17.775211 2761.606165
135 11.736763 2773.342928
136 25.235586 2798.578514
137 25.490449 2824.068963
138 11.037935 2835.106898
139 55.804291 2890.911189
140 10.216401 2901.127590
141 14.306038 2915.433628
142 13.529068 2928.962696
143 12.323552 2941.286248
144 17.823605 2959.109853
145 17.688083 2976.797936
146 9.287069 2986.085005
147 6.454490 2992.539495
148 22.509261 3015.048756
149 20.874723 3035.923479
150 8.841545 3044.765024
151 9.693366 3054.458390
152 11.036238 3065.494628
153 13.396101 3078.890729
154 9.730173 3088.620902
155 8.275804 3096.896706
156 6.805721 3103.702427
157 8.893314 3112.595741
158 19.336150 3131.931891
159 25.327274 3157.259165
160 18.682034 3175.941199
161 17.426418 3193.367617
162 11.156886 3204.524503
163 34.223788 3238.748291
164 25.280815 3264.029106
165 7.102370 3271.131476
166 14.670547 3285.802023
167 14.258332 3300.060355
168 11.716384 3311.776739
169 10.620130 3322.396869
170 25.399310 3347.796179
171 11.632540 3359.428719
172 34.812522 3394.241241
173 21.697760 3415.939001
174 14.934847 3430.873848
175 8.662775 3439.536623
176 10.084939 3449.621562
177 12.214602 3461.836164
178 12.959604 3474.795768
179 8.362502 3483.158270
180 24.733675 3507.891945
181 18.133837 3526.025782
182 24.755989 3550.781771
183 11.551129 3562.332900
184 9.007802 3571.340702
185 5.823928 3577.164630
