# instance assign_to_final.Fattree_n12_k2_bw10_cpu16.pn.instance_list_6vm_rnd.txt.pn.json
# Settings: Namespace(PN='../secondnet/final_pns_json/final.Fattree_n12_k2_bw10_cpu16.pn.instance_list_6vm_rnd.txt.pn.json', VDC_LIST='../../../instances/fattree-bcube/instance_list_6vm_rnd.txt', affinity=False, affinity_soft=True, allow_virtual_switches_in_switches=True, anti_affinity=False, assert_all_physical_edges=False, binary_search=True, bitblast_addition=False, bitblast_addition_shadow=False, configured=True, conflict_limit=-1, deallocate_prob=0.0, debug=False, decide_opt_lits=True, directed_links=True, flush_pb_theory=False, force_virtual_switches=False, ignore_ram_constraints=True, ignore_storage_constraints=True, ijcai_settings=False, intrinsic_edge_constraints=False, intrinsic_edge_sets=True, logfile=None, max_cores=1, max_ram=1, max_storage=1, max_vms=6, min_cores=False, min_servers=False, opt_conflict_limit=0, opt_detect_sat=False, opt_time_limit=-1, output=None, popcount='BV', prop_assumps=True, refine_flow=True, remove_all_flow_cycles=False, remove_flow_cycles=False, remove_flow_cycles_python=False, rnd_restart=True, rnd_theory_freq=0.99, rnd_theory_order=False, separate_reach_constraints=False, static_flow_caps=True, theory_order_vsids=True, timelog='./timelogs/config_results_vdcmapper_fattree12_6vm', tree_addition=True, use_cover_for_refinement=True, use_min_cost_max_flow=False, vsids_balance=1, vsids_both=True)
init 4.955410 4.955410
1 3.563365 8.518775
2 0.592107 9.110882
3 2.069269 11.180151
4 0.655036 11.835187
5 1.226088 13.061275
6 0.661525 13.722800
7 0.597990 14.320790
8 0.561700 14.882490
9 0.557889 15.440379
10 0.556115 15.996494
11 0.693117 16.689611
12 0.597987 17.287598
13 0.599938 17.887536
14 0.656134 18.543670
15 0.628876 19.172546
16 0.600889 19.773435
17 0.687376 20.460811
18 0.758885 21.219696
19 0.802136 22.021832
20 0.675317 22.697149
21 0.859366 23.556515
22 0.683197 24.239712
23 0.611108 24.850820
24 0.753712 25.604532
25 0.641562 26.246094
26 0.709999 26.956093
27 0.725545 27.681638
28 0.625345 28.306983
29 0.579224 28.886207
30 0.740225 29.626432
31 0.790171 30.416603
32 0.980624 31.397227
33 0.560374 31.957601
34 0.929450 32.887051
35 0.773191 33.660242
36 0.657059 34.317301
37 1.167975 35.485276
38 1.373669 36.858945
39 2.023680 38.882625
40 0.638131 39.520756
41 1.421466 40.942222
42 0.718548 41.660770
43 0.665946 42.326716
44 0.687858 43.014574
45 0.607896 43.622470
46 0.777189 44.399659
47 1.616401 46.016060
48 0.712529 46.728589
49 0.592478 47.321067
50 1.335842 48.656909
51 0.710977 49.367886
52 0.728107 50.095993
53 0.685809 50.781802
54 0.647644 51.429446
55 0.768156 52.197602
56 0.848954 53.046556
57 0.705607 53.752163
58 0.614629 54.366792
59 0.803893 55.170685
60 0.767674 55.938359
61 0.651758 56.590117
62 0.649266 57.239383
63 0.663674 57.903057
64 1.130998 59.034055
65 0.621774 59.655829
66 0.684785 60.340614
67 0.726076 61.066690
68 0.823987 61.890677
69 1.476716 63.367393
70 0.731130 64.098523
71 0.960731 65.059254
72 0.707008 65.766262
73 0.790531 66.556793
74 1.285296 67.842089
75 0.818094 68.660183
76 4.775259 73.435442
77 1.258165 74.693607
78 2.328328 77.021935
79 1.016363 78.038298
80 0.696797 78.735095
81 0.641933 79.377028
82 1.056293 80.433321
83 0.612487 81.045808
84 0.826932 81.872740
85 0.798271 82.671011
86 1.006904 83.677915
87 0.678207 84.356122
88 0.641154 84.997276
89 0.665892 85.663168
90 1.421160 87.084328
91 0.628344 87.712672
92 0.679780 88.392452
93 0.682955 89.075407
94 0.803738 89.879145
95 0.631642 90.510787
96 0.711363 91.222150
97 3.685042 94.907192
98 0.753975 95.661167
99 0.805514 96.466681
100 0.624169 97.090850
101 1.396201 98.487051
102 0.602603 99.089654
103 0.974900 100.064554
104 1.925557 101.990111
105 0.717292 102.707403
106 1.031146 103.738549
107 0.614000 104.352549
108 0.678072 105.030621
109 0.616294 105.646915
110 0.604913 106.251828
111 0.677737 106.929565
112 0.617115 107.546680
113 0.771794 108.318474
114 0.730290 109.048764
115 0.928780 109.977544
116 1.182138 111.159682
117 0.725706 111.885388
118 0.680131 112.565519
119 0.712361 113.277880
120 2.020295 115.298175
121 0.908212 116.206387
122 2.340620 118.547007
123 1.224254 119.771261
124 0.629222 120.400483
125 0.777230 121.177713
126 1.167340 122.345053
127 1.248493 123.593546
128 0.723052 124.316598
129 0.767097 125.083695
130 0.779004 125.862699
131 0.782162 126.644861
132 1.940949 128.585810
133 1.133454 129.719264
134 1.039388 130.758652
135 1.436050 132.194702
136 0.841402 133.036104
137 1.282333 134.318437
138 1.031710 135.350147
139 1.262851 136.612998
140 0.984185 137.597183
141 0.760430 138.357613
142 1.028590 139.386203
143 0.790016 140.176219
144 2.096211 142.272430
145 0.682971 142.955401
146 1.347497 144.302898
147 0.921465 145.224363
148 0.753179 145.977542
149 0.699598 146.677140
150 0.776651 147.453791
151 1.103085 148.556876
152 1.116862 149.673738
153 0.847451 150.521189
154 1.582136 152.103325
155 1.437703 153.541028
156 0.737445 154.278473
157 0.792379 155.070852
158 1.082011 156.152863
159 1.007245 157.160108
160 0.911966 158.072074
161 2.004441 160.076515
162 0.830088 160.906603
163 0.643067 161.549670
164 0.651869 162.201539
165 0.733236 162.934775
166 0.881293 163.816068
167 1.221809 165.037877
168 0.654583 165.692460
169 0.954706 166.647166
170 1.100533 167.747699
171 0.695464 168.443163
172 0.682188 169.125351
173 1.663034 170.788385
174 0.789366 171.577751
175 0.977309 172.555060
176 0.715827 173.270887
177 0.868642 174.139529
178 0.721750 174.861279
179 0.820708 175.681987
180 1.391355 177.073342
181 1.133589 178.206931
182 0.709449 178.916380
183 0.756213 179.672593
184 0.680339 180.352932
185 1.031832 181.384764
186 0.677312 182.062076
187 0.948797 183.010873
188 0.741801 183.752674
189 1.017563 184.770237
190 0.671674 185.441911
191 0.864999 186.306910
192 1.331471 187.638381
193 0.894883 188.533264
194 0.669772 189.203036
195 1.816597 191.019633
196 0.727125 191.746758
197 1.803049 193.549807
198 0.854322 194.404129
199 0.903271 195.307400
200 1.125670 196.433070
201 0.815964 197.249034
202 0.816952 198.065986
203 0.717525 198.783511
204 1.220940 200.004451
205 0.694265 200.698716
206 0.684553 201.383269
207 0.656249 202.039518
208 1.049611 203.089129
209 0.873617 203.962746
210 1.390847 205.353593
211 1.725431 207.079024
212 1.471883 208.550907
213 0.958445 209.509352
214 0.697031 210.206383
215 0.976040 211.182423
216 1.348579 212.531002
217 0.957822 213.488824
218 0.735351 214.224175
219 0.801930 215.026105
220 0.757190 215.783295
221 0.709860 216.493155
222 0.730117 217.223272
223 0.728734 217.952006
224 1.312604 219.264610
225 1.470137 220.734747
226 0.750534 221.485281
227 1.358634 222.843915
228 1.193338 224.037253
229 0.750400 224.787653
230 1.224242 226.011895
231 1.414905 227.426800
232 1.240634 228.667434
233 0.730653 229.398087
234 1.156270 230.554357
235 2.457166 233.011523
236 0.885381 233.896904
237 0.929497 234.826401
238 1.306059 236.132460
239 0.996851 237.129311
240 0.671821 237.801132
241 1.096486 238.897618
242 0.859513 239.757131
243 0.948918 240.706049
244 1.120605 241.826654
245 0.963378 242.790032
246 0.816555 243.606587
247 0.773123 244.379710
248 0.749471 245.129181
249 1.216155 246.345336
250 1.273449 247.618785
251 1.183964 248.802749
252 0.732955 249.535704
253 1.044830 250.580534
254 1.821561 252.402095
255 1.715909 254.118004
256 1.598000 255.716004
257 1.644387 257.360391
258 1.745770 259.106161
259 1.314677 260.420838
260 1.026572 261.447410
261 2.195914 263.643324
262 0.933472 264.576796
263 0.997112 265.573908
264 1.171287 266.745195
265 0.866056 267.611251
266 1.819196 269.430447
267 0.759857 270.190304
268 0.841571 271.031875
269 0.725264 271.757139
270 0.882313 272.639452
271 1.491594 274.131046
272 1.293843 275.424889
273 0.948193 276.373082
274 0.706855 277.079937
275 1.208632 278.288569
276 2.175144 280.463713
277 1.556257 282.019970
278 0.773587 282.793557
279 0.742095 283.535652
280 0.779706 284.315358
281 0.828746 285.144104
282 2.579188 287.723292
283 1.099717 288.823009
284 1.355063 290.178072
285 0.826416 291.004488
286 0.746727 291.751215
287 1.694075 293.445290
288 0.896750 294.342040
289 0.829664 295.171704
290 1.161807 296.333511
291 1.158328 297.491839
292 1.068424 298.560263
293 0.802737 299.363000
294 1.547848 300.910848
295 1.026529 301.937377
296 1.086482 303.023859
297 0.720092 303.743951
298 0.710415 304.454366
299 0.704833 305.159199
300 1.384663 306.543862
301 0.883849 307.427711
302 0.771410 308.199121
303 0.758362 308.957483
304 1.064036 310.021519
305 0.902133 310.923652
306 0.779636 311.703288
307 1.842704 313.545992
308 0.792566 314.338558
309 1.558858 315.897416
310 1.037908 316.935324
311 1.096033 318.031357
312 0.719357 318.750714
313 0.723474 319.474188
314 1.066595 320.540783
315 0.775254 321.316037
316 1.021643 322.337680
317 0.999692 323.337372
318 0.823740 324.161112
319 0.775762 324.936874
320 1.921927 326.858801
321 1.144422 328.003223
322 1.243006 329.246229
323 0.898306 330.144535
324 0.794510 330.939045
325 0.835161 331.774206
326 0.921251 332.695457
327 1.642063 334.337520
328 0.725743 335.063263
329 1.262650 336.325913
330 1.541286 337.867199
331 1.678163 339.545362
332 1.571643 341.117005
333 2.370038 343.487043
334 0.922607 344.409650
335 0.973486 345.383136
336 1.263172 346.646308
337 0.695090 347.341398
338 1.165454 348.506852
339 2.996429 351.503281
340 1.110533 352.613814
341 0.711300 353.325114
342 0.870821 354.195935
343 1.249083 355.445018
344 1.130488 356.575506
345 2.179255 358.754761
346 1.233618 359.988379
347 0.819875 360.808254
348 1.723471 362.531725
349 1.364726 363.896451
350 1.496936 365.393387
351 1.271827 366.665214
352 0.933383 367.598597
353 1.521395 369.119992
354 1.088964 370.208956
355 0.715969 370.924925
356 1.771322 372.696247
357 1.262146 373.958393
358 4.089504 378.047897
359 2.393033 380.440930
360 0.929300 381.370230
361 0.855897 382.226127
362 1.366794 383.592921
363 1.944407 385.537328
364 1.262817 386.800145
365 0.814077 387.614222
366 2.011706 389.625928
367 1.553589 391.179517
368 0.743021 391.922538
369 2.048955 393.971493
370 3.799162 397.770655
371 1.058045 398.828700
372 1.174129 400.002829
373 2.564000 402.566829
374 1.360871 403.927700
375 5.287548 409.215248
376 0.854990 410.070238
377 0.828926 410.899164
378 1.213445 412.112609
379 1.268652 413.381261
380 1.089022 414.470283
381 0.784721 415.255004
382 0.788432 416.043436
383 1.342419 417.385855
384 1.159152 418.545007
385 1.511411 420.056418
386 1.081463 421.137881
387 1.002945 422.140826
388 1.884707 424.025533
389 1.025243 425.050776
390 0.807247 425.858023
391 1.540132 427.398155
392 2.711511 430.109666
393 0.887079 430.996745
394 2.514092 433.510837
395 1.898707 435.409544
396 1.540503 436.950047
397 1.829861 438.779908
398 0.883536 439.663444
399 0.810673 440.474117
400 1.838383 442.312500
401 0.750102 443.062602
402 0.988021 444.050623
403 0.856160 444.906783
404 2.039329 446.946112
405 1.548348 448.494460
406 2.085446 450.579906
407 3.871073 454.450979
408 1.801399 456.252378
409 1.350874 457.603252
410 4.185756 461.789008
411 3.378498 465.167506
412 1.239643 466.407149
413 1.694755 468.101904
414 1.936615 470.038519
415 2.367401 472.405920
416 2.135463 474.541383
417 1.269346 475.810729
done 417 0.656710 476.467439
