# instance assign_to_final.Fattree_n16_k2_bw10_cpu16.pn.instance_list_9vm_rnd.txt.pn.json
# Settings: Namespace(PN='../secondnet/final_pns_json/final.Fattree_n16_k2_bw10_cpu16.pn.instance_list_9vm_rnd.txt.pn.json', VDC_LIST='../../../instances/fattree-bcube/instance_list_9vm_rnd.txt', affinity=False, affinity_soft=True, allow_virtual_switches_in_switches=True, anti_affinity=False, assert_all_physical_edges=False, binary_search=True, bitblast_addition=False, bitblast_addition_shadow=False, configured=True, conflict_limit=-1, deallocate_prob=0.0, debug=False, decide_opt_lits=True, directed_links=True, flush_pb_theory=False, force_virtual_switches=False, ignore_ram_constraints=True, ignore_storage_constraints=True, ijcai_settings=False, intrinsic_edge_constraints=False, intrinsic_edge_sets=True, logfile=None, max_cores=1, max_ram=1, max_storage=1, max_vms=9, min_cores=False, min_servers=False, opt_conflict_limit=0, opt_detect_sat=False, opt_time_limit=-1, output=None, popcount='BV', prop_assumps=True, refine_flow=True, remove_all_flow_cycles=False, remove_flow_cycles=False, remove_flow_cycles_python=False, rnd_restart=True, rnd_theory_freq=0.99, rnd_theory_order=False, separate_reach_constraints=False, static_flow_caps=True, theory_order_vsids=True, timelog='./timelogs/config_results_vdcmapper_fattree16_9vm', tree_addition=True, use_cover_for_refinement=True, use_min_cost_max_flow=False, vsids_balance=1, vsids_both=True)
init 21.303640 21.303640
1 18.099259 39.402899
2 2.384799 41.787698
3 2.729869 44.517567
4 2.449595 46.967162
5 3.250898 50.218060
6 3.410321 53.628381
7 2.859299 56.487680
8 2.729994 59.217674
9 3.058815 62.276489
10 2.429394 64.705883
11 3.198990 67.904873
12 2.561556 70.466429
13 2.817405 73.283834
14 7.593431 80.877265
15 12.515168 93.392433
16 8.006923 101.399356
17 3.593249 104.992605
18 2.574768 107.567373
19 12.895346 120.462719
20 2.754806 123.217525
21 2.494002 125.711527
22 2.419032 128.130559
23 9.385926 137.516485
24 7.982118 145.498603
25 4.290020 149.788623
26 41.480696 191.269319
27 12.817906 204.087225
28 8.308528 212.395753
29 20.302448 232.698201
30 5.063700 237.761901
31 16.326394 254.088295
32 27.470245 281.558540
33 3.446380 285.004920
34 3.037814 288.042734
35 2.523674 290.566408
36 3.296913 293.863321
37 3.844725 297.708046
38 3.858361 301.566407
39 3.332285 304.898692
40 3.523953 308.422645
41 3.923770 312.346415
42 3.421723 315.768138
43 10.485433 326.253571
44 12.866328 339.119899
45 3.646825 342.766724
46 6.892132 349.658856
47 3.251161 352.910017
48 2.673713 355.583730
49 23.923069 379.506799
50 5.673420 385.180219
51 5.066392 390.246611
52 7.764504 398.011115
53 7.795408 405.806523
54 11.851544 417.658067
55 3.505507 421.163574
56 6.683509 427.847083
57 6.223058 434.070141
58 14.721007 448.791148
59 8.307011 457.098159
60 6.247939 463.346098
61 3.611899 466.957997
62 5.511450 472.469447
63 11.875603 484.345050
64 3.574753 487.919803
65 13.305058 501.224861
66 12.256228 513.481089
67 7.695689 521.176778
68 12.979935 534.156713
69 13.607957 547.764670
70 6.039169 553.803839
71 2.754011 556.557850
72 3.110205 559.668055
73 19.090496 578.758551
74 13.076209 591.834760
75 17.937379 609.772139
76 8.323450 618.095589
77 3.677107 621.772696
78 9.219684 630.992380
79 4.149562 635.141942
80 8.408196 643.550138
81 8.287654 651.837792
82 5.927569 657.765361
83 7.677417 665.442778
84 5.342229 670.785007
85 5.491067 676.276074
86 4.538802 680.814876
87 28.034935 708.849811
88 6.730980 715.580791
89 5.249060 720.829851
90 14.403601 735.233452
91 9.869189 745.102641
92 4.216083 749.318724
93 3.583772 752.902496
94 13.415565 766.318061
95 6.803737 773.121798
96 16.467420 789.589218
97 4.982977 794.572195
98 10.161013 804.733208
99 17.993159 822.726367
100 17.810209 840.536576
101 17.456509 857.993085
102 4.311358 862.304443
103 4.063271 866.367714
104 9.400034 875.767748
105 5.490390 881.258138
106 14.055311 895.313449
107 3.892571 899.206020
108 4.799845 904.005865
109 6.545392 910.551257
110 3.860329 914.411586
111 17.475589 931.887175
112 6.427463 938.314638
113 16.676141 954.990779
114 12.869846 967.860625
115 31.309858 999.170483
116 4.494713 1003.665196
117 9.472259 1013.137455
118 7.573816 1020.711271
119 5.123064 1025.834335
120 4.612053 1030.446388
121 4.373029 1034.819417
122 26.349212 1061.168629
123 4.422209 1065.590838
124 9.664768 1075.255606
125 11.856114 1087.111720
126 13.648756 1100.760476
127 6.638046 1107.398522
128 9.097756 1116.496278
129 19.234909 1135.731187
130 9.425842 1145.157029
131 15.760061 1160.917090
132 6.569888 1167.486978
133 15.228624 1182.715602
134 23.836999 1206.552601
135 6.363579 1212.916180
136 5.797441 1218.713621
137 4.301051 1223.014672
138 8.100828 1231.115500
139 3.854888 1234.970388
140 6.506119 1241.476507
141 3.880078 1245.356585
142 4.565898 1249.922483
143 5.950695 1255.873178
144 3.993081 1259.866259
145 10.011673 1269.877932
146 14.227780 1284.105712
147 3.225819 1287.331531
148 6.135839 1293.467370
149 3.275649 1296.743019
150 17.939658 1314.682677
151 6.485073 1321.167750
152 5.413671 1326.581421
153 4.389599 1330.971020
154 5.453681 1336.424701
155 16.641887 1353.066588
156 4.998689 1358.065277
157 3.923630 1361.988907
158 3.500224 1365.489131
159 15.766826 1381.255957
160 6.890806 1388.146763
161 7.888063 1396.034826
162 7.584308 1403.619134
163 3.604557 1407.223691
164 8.775664 1415.999355
165 4.466491 1420.465846
166 17.694099 1438.159945
167 8.422201 1446.582146
168 9.678493 1456.260639
169 6.527729 1462.788368
170 5.650687 1468.439055
171 3.468971 1471.908026
172 8.676099 1480.584125
173 11.499585 1492.083710
174 11.817810 1503.901520
175 5.931239 1509.832759
176 6.748301 1516.581060
177 13.997715 1530.578775
178 12.454001 1543.032776
179 3.898062 1546.930838
180 3.483514 1550.414352
181 16.018895 1566.433247
182 12.292153 1578.725400
183 10.586178 1589.311578
184 9.109187 1598.420765
185 35.467137 1633.887902
186 24.048029 1657.935931
187 7.678320 1665.614251
188 37.473106 1703.087357
189 6.366643 1709.454000
190 11.193060 1720.647060
191 5.819754 1726.466814
192 5.415327 1731.882141
193 11.361304 1743.243445
194 10.392938 1753.636383
195 20.032555 1773.668938
196 6.854557 1780.523495
197 5.131164 1785.654659
198 18.020736 1803.675395
199 10.507233 1814.182628
200 4.732302 1818.914930
201 5.562014 1824.476944
202 14.112837 1838.589781
203 19.408526 1857.998307
204 3.633932 1861.632239
205 4.885532 1866.517771
206 5.470593 1871.988364
207 8.707584 1880.695948
208 8.292531 1888.988479
209 12.498155 1901.486634
210 8.661761 1910.148395
211 16.668687 1926.817082
212 8.076833 1934.893915
213 6.184902 1941.078817
214 12.512583 1953.591400
215 3.729463 1957.320863
216 15.361597 1972.682460
217 12.709107 1985.391567
218 11.445884 1996.837451
219 6.328043 2003.165494
220 6.612445 2009.777939
221 32.618119 2042.396058
222 4.882824 2047.278882
223 32.472919 2079.751801
224 4.704210 2084.456011
225 32.460713 2116.916724
226 31.811705 2148.728429
227 12.991192 2161.719621
228 3.945418 2165.665039
229 5.867588 2171.532627
230 10.144049 2181.676676
231 20.583273 2202.259949
232 7.256899 2209.516848
233 6.713153 2216.230001
234 7.830128 2224.060129
235 9.206710 2233.266839
236 4.242822 2237.509661
237 5.225696 2242.735357
238 5.446409 2248.181766
239 5.410327 2253.592093
240 5.077841 2258.669934
241 3.395178 2262.065112
242 12.992356 2275.057468
243 4.917090 2279.974558
244 7.255726 2287.230284
245 14.525832 2301.756116
246 2.757304 2304.513420
247 14.269373 2318.782793
248 14.621145 2333.403938
249 7.876748 2341.280686
250 18.307979 2359.588665
251 9.910412 2369.499077
252 7.770341 2377.269418
253 5.856522 2383.125940
254 11.798560 2394.924500
255 6.826545 2401.751045
256 4.831486 2406.582531
257 7.560780 2414.143311
258 5.390197 2419.533508
259 6.823118 2426.356626
260 4.685389 2431.042015
261 4.155148 2435.197163
262 7.242823 2442.439986
263 14.221457 2456.661443
264 10.805160 2467.466603
265 5.264223 2472.730826
266 5.151915 2477.882741
267 15.666664 2493.549405
268 11.897683 2505.447088
269 6.664757 2512.111845
270 13.195366 2525.307211
271 20.094403 2545.401614
272 25.185939 2570.587553
273 10.727779 2581.315332
274 12.689279 2594.004611
275 9.671024 2603.675635
276 10.317972 2613.993607
277 13.156614 2627.150221
278 7.978141 2635.128362
279 28.974142 2664.102504
280 32.685367 2696.787871
281 7.908463 2704.696334
282 36.615147 2741.311481
283 16.927025 2758.238506
284 16.691951 2774.930457
285 11.396508 2786.326965
286 5.765802 2792.092767
287 6.851932 2798.944699
288 16.783493 2815.728192
289 16.232713 2831.960905
290 8.834335 2840.795240
291 4.566035 2845.361275
292 9.702704 2855.063979
293 8.627972 2863.691951
294 7.357324 2871.049275
295 10.402374 2881.451649
296 6.097563 2887.549212
297 3.126584 2890.675796
298 12.049730 2902.725526
299 5.863164 2908.588690
300 14.101591 2922.690281
301 3.094152 2925.784433
302 16.744203 2942.528636
303 9.070584 2951.599220
304 13.517725 2965.116945
305 15.189431 2980.306376
306 8.094326 2988.400702
307 15.317614 3003.718316
308 8.749224 3012.467540
309 10.206445 3022.673985
310 5.078582 3027.752567
311 6.634119 3034.386686
312 6.907397 3041.294083
313 4.295153 3045.589236
314 6.890679 3052.479915
315 15.769938 3068.249853
316 11.832827 3080.082680
317 5.705374 3085.788054
318 4.056662 3089.844716
319 13.812182 3103.656898
320 5.696760 3109.353658
321 13.194447 3122.548105
322 6.272071 3128.820176
323 11.209380 3140.029556
324 7.449555 3147.479111
325 4.426937 3151.906048
326 4.937519 3156.843567
327 6.171378 3163.014945
328 5.808360 3168.823305
329 8.538128 3177.361433
330 10.000031 3187.361464
331 5.245447 3192.606911
332 10.165772 3202.772683
333 14.064586 3216.837269
334 24.451926 3241.289195
335 9.812321 3251.101516
336 7.980630 3259.082146
337 28.888117 3287.970263
338 9.174022 3297.144285
339 5.297699 3302.441984
340 8.349775 3310.791759
341 10.535175 3321.326934
342 6.657141 3327.984075
343 4.217175 3332.201250
344 8.195989 3340.397239
345 7.872387 3348.269626
346 27.027366 3375.296992
347 8.530421 3383.827413
348 8.982079 3392.809492
349 6.930383 3399.739875
350 10.477046 3410.216921
351 4.930571 3415.147492
352 5.225941 3420.373433
353 3.594749 3423.968182
354 5.561446 3429.529628
355 16.777495 3446.307123
356 12.068787 3458.375910
357 9.324971 3467.700881
358 6.819318 3474.520199
359 18.715290 3493.235489
360 4.572840 3497.808329
361 7.164039 3504.972368
362 7.391728 3512.364096
363 8.715619 3521.079715
364 9.776810 3530.856525
365 6.378632 3537.235157
366 9.916753 3547.151910
367 5.184449 3552.336359
368 4.402618 3556.738977
369 9.305176 3566.044153
