# instance assign_to_final.BCube_n10_k2_bw10_cpu16.pn.instance_list_9vm_rnd.txt.pn.json
# Settings: Namespace(PN='../secondnet/final_pns_json/final.BCube_n10_k2_bw10_cpu16.pn.instance_list_9vm_rnd.txt.pn.json', VDC_LIST='../../../instances/fattree-bcube/instance_list_9vm_rnd.txt', affinity=False, affinity_soft=True, allow_virtual_switches_in_switches=True, anti_affinity=False, assert_all_physical_edges=False, binary_search=True, bitblast_addition=False, bitblast_addition_shadow=False, configured=True, conflict_limit=-1, deallocate_prob=0.0, debug=False, decide_opt_lits=True, directed_links=True, flush_pb_theory=False, force_virtual_switches=False, ignore_ram_constraints=True, ignore_storage_constraints=True, ijcai_settings=False, intrinsic_edge_constraints=False, intrinsic_edge_sets=True, logfile=None, max_cores=1, max_ram=1, max_storage=1, max_vms=9, min_cores=False, min_servers=False, opt_conflict_limit=0, opt_detect_sat=False, opt_time_limit=-1, output=None, popcount='BV', prop_assumps=True, refine_flow=True, remove_all_flow_cycles=False, remove_flow_cycles=False, remove_flow_cycles_python=False, rnd_restart=True, rnd_theory_freq=0.99, rnd_theory_order=False, separate_reach_constraints=False, static_flow_caps=True, theory_order_vsids=True, timelog='./timelogs/config_results_vdcmapper_bcube10_9vm', tree_addition=True, use_cover_for_refinement=True, use_min_cost_max_flow=False, vsids_balance=1, vsids_both=True)
init 22.273784 22.273784
1 14.790376 37.064160
2 1.985945 39.050105
3 2.062476 41.112581
4 1.780160 42.892741
5 2.457634 45.350375
6 2.321283 47.671658
7 2.537666 50.209324
8 3.443077 53.652401
9 3.098660 56.751061
10 2.450594 59.201655
11 2.622398 61.824053
12 3.115059 64.939112
13 3.240514 68.179626
14 3.977402 72.157028
15 3.131358 75.288386
16 7.693367 82.981753
17 4.550780 87.532533
18 3.587135 91.119668
19 7.548717 98.668385
20 5.432755 104.101140
21 6.593436 110.694576
22 6.068351 116.762927
23 9.236603 125.999530
24 7.452979 133.452509
25 8.856588 142.309097
26 4.554166 146.863263
27 5.942510 152.805773
28 6.701436 159.507209
29 9.283021 168.790230
30 6.746700 175.536930
31 24.618282 200.155212
32 41.016046 241.171258
33 6.923775 248.095033
34 10.785830 258.880863
35 8.445628 267.326491
36 9.270140 276.596631
37 21.326430 297.923061
38 17.570490 315.493551
39 22.637973 338.131524
40 5.427450 343.558974
41 6.696967 350.255941
42 6.268886 356.524827
43 49.353723 405.878550
44 12.108503 417.987053
45 14.843765 432.830818
46 24.465441 457.296259
47 7.875653 465.171912
48 8.330530 473.502442
49 8.907672 482.410114
50 16.930008 499.340122
51 26.921892 526.262014
52 6.692816 532.954830
53 38.896594 571.851424
54 9.867092 581.718516
55 14.712167 596.430683
56 8.508750 604.939433
57 13.334757 618.274190
58 19.060203 637.334393
59 27.828236 665.162629
60 5.659688 670.822317
61 8.745721 679.568038
62 11.653167 691.221205
63 9.752553 700.973758
64 15.894881 716.868639
65 7.448523 724.317162
66 5.320476 729.637638
67 7.024975 736.662613
68 5.792512 742.455125
69 14.977119 757.432244
70 19.195911 776.628155
71 11.713061 788.341216
72 7.506839 795.848055
73 5.189853 801.037908
74 5.630482 806.668390
75 9.018749 815.687139
76 7.122223 822.809362
77 4.659527 827.468889
78 4.518097 831.986986
79 6.088485 838.075471
80 4.454060 842.529531
81 5.617076 848.146607
82 6.777150 854.923757
83 4.562474 859.486231
84 4.611188 864.097419
85 7.219066 871.316485
86 7.473635 878.790120
87 26.898490 905.688610
88 4.356288 910.044898
89 10.887011 920.931909
90 5.860479 926.792388
91 25.171496 951.963884
92 3.806769 955.770653
93 5.928193 961.698846
94 9.601906 971.300752
95 5.379518 976.680270
96 8.429012 985.109282
97 12.407736 997.517018
98 8.790478 1006.307496
99 12.664873 1018.972369
done 99 165.670272 1184.642641
