# instance assign_to_final.BCube_n8_k2_bw10_cpu16.pn.instance_list_12vm_rnd.txt.pn.json
# Settings: Namespace(PN='../secondnet/final_pns_json/final.BCube_n8_k2_bw10_cpu16.pn.instance_list_12vm_rnd.txt.pn.json', VDC_LIST='../../../instances/fattree-bcube/instance_list_12vm_rnd.txt', affinity=False, affinity_soft=True, allow_virtual_switches_in_switches=True, anti_affinity=False, assert_all_physical_edges=False, binary_search=True, bitblast_addition=False, bitblast_addition_shadow=False, configured=True, conflict_limit=-1, deallocate_prob=0.0, debug=False, decide_opt_lits=True, directed_links=True, flush_pb_theory=False, force_virtual_switches=False, ignore_ram_constraints=True, ignore_storage_constraints=True, ijcai_settings=False, intrinsic_edge_constraints=False, intrinsic_edge_sets=True, logfile=None, max_cores=1, max_ram=1, max_storage=1, max_vms=12, min_cores=False, min_servers=False, opt_conflict_limit=0, opt_detect_sat=False, opt_time_limit=-1, output=None, popcount='BV', prop_assumps=True, refine_flow=True, remove_all_flow_cycles=False, remove_flow_cycles=False, remove_flow_cycles_python=False, rnd_restart=True, rnd_theory_freq=0.99, rnd_theory_order=False, separate_reach_constraints=False, static_flow_caps=True, theory_order_vsids=True, timelog='./timelogs/config_results_vdcmapper_bcube8_12vm', tree_addition=True, use_cover_for_refinement=True, use_min_cost_max_flow=False, vsids_balance=1, vsids_both=True)
init 11.018924 11.018924
1 14.409644 25.428568
2 1.831998 27.260566
3 2.148026 29.408592
4 5.173992 34.582584
5 3.296172 37.878756
6 3.108153 40.986909
7 3.223430 44.210339
8 3.462007 47.672346
9 3.849797 51.522143
10 9.370079 60.892222
11 4.176854 65.069076
12 6.996634 72.065710
13 5.930687 77.996397
14 6.285448 84.281845
15 8.425343 92.707188
16 4.715059 97.422247
17 3.602313 101.024560
18 4.311265 105.335825
19 9.781704 115.117529
20 8.411298 123.528827
21 3.693401 127.222228
22 4.368696 131.590924
23 17.772027 149.362951
24 3.529982 152.892933
25 3.650095 156.543028
26 5.614704 162.157732
27 3.210221 165.367953
28 4.320458 169.688411
29 2.382425 172.070836
30 8.904275 180.975111
31 5.965996 186.941107
32 7.012462 193.953569
33 3.628092 197.581661
34 9.963599 207.545260
35 4.031578 211.576838
36 2.477561 214.054399
37 4.269706 218.324105
38 2.590121 220.914226
39 10.635675 231.549901
40 4.782993 236.332894
41 28.275452 264.608346
42 8.196057 272.804403
43 7.107829 279.912232
44 9.683438 289.595670
45 5.063855 294.659525
46 5.957272 300.616797
47 9.897105 310.513902
48 4.466997 314.980899
49 2.544103 317.525002
50 2.628764 320.153766
51 5.427146 325.580912
52 5.986940 331.567852
53 19.708968 351.276820
54 29.993298 381.270118
55 4.423882 385.694000
56 23.317181 409.011181
57 7.262700 416.273881
58 8.906105 425.179986
59 4.373477 429.553463
60 4.774831 434.328294
61 3.383555 437.711849
62 2.022026 439.733875
63 4.349595 444.083470
64 5.438850 449.522320
65 4.006507 453.528827
66 7.043951 460.572778
67 7.844126 468.416904
68 20.903180 489.320084
69 8.215649 497.535733
70 45.945718 543.481451
71 3.914930 547.396381
72 10.434140 557.830521
73 14.289449 572.119970
74 5.749750 577.869720
75 17.219867 595.089587
76 7.574581 602.664168
77 4.163514 606.827682
78 5.190364 612.018046
79 2.976308 614.994354
80 2.133924 617.128278
81 7.482577 624.610855
82 13.708992 638.319847
83 5.196090 643.515937
84 3.020468 646.536405
85 4.397632 650.934037
86 5.941382 656.875419
87 3.337467 660.212886
88 10.769871 670.982757
89 2.645216 673.627973
90 30.261583 703.889556
91 2.439928 706.329484
92 5.635444 711.964928
93 9.226645 721.191573
94 8.802381 729.993954
95 6.809843 736.803797
96 3.311644 740.115441
97 3.293301 743.408742
98 19.849455 763.258197
99 7.778277 771.036474
100 4.556779 775.593253
101 2.521549 778.114802
102 8.586542 786.701344
103 5.014470 791.715814
104 7.726428 799.442242
105 3.333370 802.775612
106 27.933901 830.709513
107 15.393157 846.102670
108 4.792404 850.895074
109 2.505227 853.400301
110 10.790485 864.190786
111 3.160076 867.350862
112 3.184840 870.535702
113 4.609849 875.145551
114 10.934338 886.079889
115 19.431783 905.511672
116 11.660135 917.171807
117 10.635895 927.807702
118 6.524351 934.332053
119 2.508044 936.840097
120 5.766174 942.606271
121 3.387134 945.993405
122 6.220052 952.213457
123 2.218853 954.432310
124 4.254347 958.686657
125 4.468195 963.154852
126 8.195862 971.350714
127 7.384112 978.734826
128 4.102661 982.837487
129 2.726240 985.563727
130 14.115025 999.678752
131 6.499074 1006.177826
132 3.988031 1010.165857
133 6.140107 1016.305964
134 9.603161 1025.909125
135 6.096722 1032.005847
136 26.402252 1058.408099
137 8.501490 1066.909589
138 2.236703 1069.146292
139 6.630966 1075.777258
140 4.496995 1080.274253
141 10.231804 1090.506057
142 15.008039 1105.514096
143 3.942318 1109.456414
144 8.095391 1117.551805
145 5.984992 1123.536797
146 6.010757 1129.547554
147 6.521139 1136.068693
148 3.011958 1139.080651
149 3.044889 1142.125540
150 4.398674 1146.524214
151 8.083889 1154.608103
152 3.376597 1157.984700
153 10.957527 1168.942227
154 3.837242 1172.779469
155 12.252904 1185.032373
156 6.324055 1191.356428
157 2.804411 1194.160839
158 5.166940 1199.327779
159 7.516184 1206.843963
160 2.144043 1208.988006
161 9.603687 1218.591693
162 6.248581 1224.840274
163 7.172810 1232.013084
164 5.632521 1237.645605
165 4.046450 1241.692055
166 4.364983 1246.057038
167 3.935512 1249.992550
168 3.202609 1253.195159
169 8.625851 1261.821010
170 9.597147 1271.418157
171 3.745238 1275.163395
172 10.874571 1286.037966
173 11.912206 1297.950172
174 7.327032 1305.277204
175 2.903049 1308.180253
176 5.537245 1313.717498
177 4.447727 1318.165225
178 2.530618 1320.695843
179 5.452900 1326.148743
180 5.911741 1332.060484
181 10.158790 1342.219274
182 5.888445 1348.107719
183 8.020849 1356.128568
184 4.473187 1360.601755
185 5.809730 1366.411485
186 4.462955 1370.874440
187 4.102105 1374.976545
188 16.616226 1391.592771
189 7.019011 1398.611782
190 6.217219 1404.829001
191 43.130862 1447.959863
192 3.065324 1451.025187
193 12.738797 1463.763984
194 3.076986 1466.840970
195 9.728675 1476.569645
196 6.209869 1482.779514
197 6.083912 1488.863426
198 4.720341 1493.583767
199 24.742711 1518.326478
200 20.452082 1538.778560
201 2.327460 1541.106020
202 3.093484 1544.199504
203 2.193547 1546.393051
204 5.143621 1551.536672
205 9.233137 1560.769809
206 5.816126 1566.585935
207 14.284401 1580.870336
208 6.093687 1586.964023
209 9.441244 1596.405267
210 2.696340 1599.101607
211 4.041315 1603.142922
212 3.688610 1606.831532
213 8.368129 1615.199661
214 9.050611 1624.250272
215 9.964473 1634.214745
216 7.305642 1641.520387
217 6.718503 1648.238890
218 3.681713 1651.920603
219 6.202208 1658.122811
220 33.928802 1692.051613
221 15.916201 1707.967814
222 6.338754 1714.306568
223 3.061009 1717.367577
224 10.486902 1727.854479
225 4.684411 1732.538890
226 3.055468 1735.594358
227 10.241076 1745.835434
228 7.221545 1753.056979
229 6.469023 1759.526002
230 6.456002 1765.982004
231 5.589128 1771.571132
232 5.218301 1776.789433
233 4.824697 1781.614130
234 27.677178 1809.291308
235 17.815578 1827.106886
236 7.874288 1834.981174
237 13.564364 1848.545538
238 7.471550 1856.017088
239 2.201708 1858.218796
240 8.432564 1866.651360
241 3.798848 1870.450208
242 7.059818 1877.510026
243 2.434509 1879.944535
244 5.486967 1885.431502
245 20.350205 1905.781707
246 8.242020 1914.023727
247 6.126319 1920.150046
248 9.303762 1929.453808
249 6.330521 1935.784329
250 5.821292 1941.605621
251 4.537545 1946.143166
252 5.975974 1952.119140
253 11.928331 1964.047471
254 7.032072 1971.079543
255 7.161800 1978.241343
256 7.413972 1985.655315
257 5.122381 1990.777696
258 8.926904 1999.704600
259 3.284721 2002.989321
260 15.783285 2018.772606
261 6.384172 2025.156778
262 4.191818 2029.348596
263 4.928013 2034.276609
264 7.302428 2041.579037
265 4.479968 2046.059005
266 3.575405 2049.634410
267 3.131142 2052.765552
268 5.613985 2058.379537
269 5.376017 2063.755554
270 3.894361 2067.649915
271 10.653834 2078.303749
272 3.891852 2082.195601
273 16.736380 2098.931981
274 14.779742 2113.711723
275 3.532873 2117.244596
276 17.272131 2134.516727
277 6.390892 2140.907619
278 4.941362 2145.848981
279 15.491860 2161.340841
280 10.040018 2171.380859
281 7.470445 2178.851304
282 29.677391 2208.528695
283 5.382670 2213.911365
284 4.790979 2218.702344
285 4.285080 2222.987424
286 5.272310 2228.259734
287 4.503399 2232.763133
288 15.070707 2247.833840
289 6.070378 2253.904218
290 8.713446 2262.617664
291 7.164973 2269.782637
292 5.554327 2275.336964
293 5.727018 2281.063982
294 17.242578 2298.306560
295 9.519276 2307.825836
296 13.971042 2321.796878
297 8.309750 2330.106628
298 14.489804 2344.596432
299 6.922372 2351.518804
300 4.238505 2355.757309
301 26.971838 2382.729147
302 6.637170 2389.366317
303 32.966855 2422.333172
304 13.956343 2436.289515
305 6.497507 2442.787022
306 15.732174 2458.519196
307 33.406542 2491.925738
308 81.057218 2572.982956
309 15.809141 2588.792097
310 22.474644 2611.266741
311 7.215130 2618.481871
312 8.406374 2626.888245
313 17.976711 2644.864956
314 11.433463 2656.298419
315 8.888666 2665.187085
316 42.395587 2707.582672
317 53.468775 2761.051447
318 9.744913 2770.796360
319 14.968874 2785.765234
320 6.408065 2792.173299
321 6.133223 2798.306522
322 6.432508 2804.739030
323 10.536165 2815.275195
324 41.715420 2856.990615
325 45.591792 2902.582407
326 7.480178 2910.062585
327 50.183678 2960.246263
328 28.014623 2988.260886
329 20.857261 3009.118147
330 7.444396 3016.562543
331 17.729794 3034.292337
332 18.066026 3052.358363
333 55.681156 3108.039519
334 3.961770 3112.001289
335 124.205000 3236.206289
336 91.628840 3327.835129
done 336 141.718445 3469.553574
