# instance assign_to_final.BCube_n8_k2_bw10_cpu16.pn.instance_list_9vm_rnd.txt.pn.json
# Settings: Namespace(PN='../secondnet/final_pns_json/final.BCube_n8_k2_bw10_cpu16.pn.instance_list_9vm_rnd.txt.pn.json', VDC_LIST='../../../instances/fattree-bcube/instance_list_9vm_rnd.txt', affinity=False, affinity_soft=True, allow_virtual_switches_in_switches=True, anti_affinity=False, assert_all_physical_edges=False, binary_search=True, bitblast_addition=False, bitblast_addition_shadow=False, configured=True, conflict_limit=-1, deallocate_prob=0.0, debug=False, decide_opt_lits=True, directed_links=True, flush_pb_theory=False, force_virtual_switches=False, ignore_ram_constraints=True, ignore_storage_constraints=True, ijcai_settings=False, intrinsic_edge_constraints=False, intrinsic_edge_sets=True, logfile=None, max_cores=1, max_ram=1, max_storage=1, max_vms=9, min_cores=False, min_servers=False, opt_conflict_limit=0, opt_detect_sat=False, opt_time_limit=-1, output=None, popcount='BV', prop_assumps=True, refine_flow=True, remove_all_flow_cycles=False, remove_flow_cycles=False, remove_flow_cycles_python=False, rnd_restart=True, rnd_theory_freq=0.99, rnd_theory_order=False, separate_reach_constraints=False, static_flow_caps=True, theory_order_vsids=True, timelog='./timelogs/config_results_vdcmapper_bcube8_9vm', tree_addition=True, use_cover_for_refinement=True, use_min_cost_max_flow=False, vsids_balance=1, vsids_both=True)
init 9.836320 9.836320
1 8.301084 18.137404
2 1.103720 19.241124
3 1.126908 20.368032
4 0.975101 21.343133
5 1.155482 22.498615
6 0.985893 23.484508
7 1.091995 24.576503
8 1.215500 25.792003
9 1.249646 27.041649
10 1.516085 28.557734
11 1.403475 29.961209
12 1.328342 31.289551
13 1.511496 32.801047
14 1.622151 34.423198
15 1.368695 35.791893
16 3.884789 39.676682
17 2.019976 41.696658
18 2.502009 44.198667
19 3.063514 47.262181
20 2.717067 49.979248
21 2.154827 52.134075
22 3.515898 55.649973
23 2.053848 57.703821
24 2.602729 60.306550
25 3.786990 64.093540
26 2.503567 66.597107
27 2.334452 68.931559
28 2.340651 71.272210
29 3.877995 75.150205
30 2.880906 78.031111
31 6.141694 84.172805
32 6.404403 90.577208
33 2.186146 92.763354
34 1.969933 94.733287
35 1.788897 96.522184
36 3.502134 100.024318
37 2.890489 102.914807
38 2.053610 104.968417
39 2.113505 107.081922
40 3.220016 110.301938
41 2.646335 112.948273
42 1.973067 114.921340
43 5.709738 120.631078
44 2.941432 123.572510
45 2.013274 125.585784
46 3.135940 128.721724
47 1.746794 130.468518
48 2.126634 132.595152
49 2.898211 135.493363
50 3.469300 138.962663
51 2.691617 141.654280
52 2.544924 144.199204
53 3.581504 147.780708
54 3.810115 151.590823
55 1.744663 153.335486
56 1.839874 155.175360
57 1.937344 157.112704
58 11.047535 168.160239
59 1.930203 170.090442
60 1.841661 171.932103
61 1.759716 173.691819
62 2.937709 176.629528
63 1.485501 178.115029
64 1.719376 179.834405
65 2.146828 181.981233
66 1.608765 183.589998
67 2.370412 185.960410
68 2.105058 188.065468
69 2.158385 190.223853
70 2.000536 192.224389
71 2.531983 194.756372
72 4.479296 199.235668
73 6.947210 206.182878
74 1.954548 208.137426
75 1.501434 209.638860
76 1.359752 210.998612
77 1.554797 212.553409
78 1.660695 214.214104
79 1.574660 215.788764
80 2.069191 217.857955
81 2.727408 220.585363
82 1.948494 222.533857
83 1.528903 224.062760
84 4.787052 228.849812
85 2.179414 231.029226
86 1.570203 232.599429
87 1.645044 234.244473
88 1.299772 235.544245
89 1.900974 237.445219
90 1.533699 238.978918
91 3.591668 242.570586
92 1.245594 243.816180
93 2.132549 245.948729
94 2.017671 247.966400
95 1.344755 249.311155
96 1.573758 250.884913
97 2.260506 253.145419
98 1.652033 254.797452
99 1.624297 256.421749
100 1.688434 258.110183
101 2.080133 260.190316
102 1.597936 261.788252
103 1.358582 263.146834
104 2.491391 265.638225
105 1.415740 267.053965
106 2.251234 269.305199
107 1.627322 270.932521
108 1.771230 272.703751
109 2.909240 275.612991
110 2.483474 278.096465
111 2.671157 280.767622
112 5.324362 286.091984
113 1.495638 287.587622
114 1.498893 289.086515
115 2.097862 291.184377
116 7.614090 298.798467
117 1.380769 300.179236
118 1.789777 301.969013
119 2.586135 304.555148
120 1.256406 305.811554
121 1.505470 307.317024
122 1.465185 308.782209
123 1.630107 310.412316
124 7.856537 318.268853
125 3.086898 321.355751
126 3.150957 324.506708
127 3.533380 328.040088
128 1.536328 329.576416
129 3.051830 332.628246
130 1.908577 334.536823
131 1.306421 335.843244
132 1.886800 337.730044
133 3.122683 340.852727
134 1.951609 342.804336
135 2.269491 345.073827
136 7.562674 352.636501
137 1.250369 353.886870
138 3.843676 357.730546
139 1.535726 359.266272
140 1.820220 361.086492
141 1.914087 363.000579
142 3.644324 366.644903
143 1.803253 368.448156
144 1.601495 370.049651
145 1.326600 371.376251
146 1.406408 372.782659
147 1.316228 374.098887
148 1.702610 375.801497
149 6.499835 382.301332
150 3.125002 385.426334
151 1.977453 387.403787
152 4.735401 392.139188
153 1.820248 393.959436
154 3.615525 397.574961
155 1.613721 399.188682
156 1.453695 400.642377
157 4.646150 405.288527
158 2.394153 407.682680
159 1.772368 409.455048
160 2.854475 412.309523
161 3.073858 415.383381
162 1.842853 417.226234
163 3.808970 421.035204
164 1.614484 422.649688
165 2.998078 425.647766
166 3.934951 429.582717
167 3.011602 432.594319
168 3.583045 436.177364
169 2.708244 438.885608
170 3.143311 442.028919
171 1.720548 443.749467
172 1.402149 445.151616
173 4.914391 450.066007
174 4.502605 454.568612
175 1.586556 456.155168
176 2.154658 458.309826
177 1.722288 460.032114
178 2.610347 462.642461
179 1.617233 464.259694
180 1.370977 465.630671
181 3.042346 468.673017
182 1.444570 470.117587
183 1.711366 471.828953
184 2.023327 473.852280
185 1.426654 475.278934
186 4.030687 479.309621
187 1.387359 480.696980
188 2.037971 482.734951
189 2.902704 485.637655
190 3.374011 489.011666
191 2.601791 491.613457
192 1.941451 493.554908
193 3.883436 497.438344
194 2.777056 500.215400
195 2.080763 502.296163
196 1.705974 504.002137
197 3.300612 507.302749
198 2.230003 509.532752
199 3.040601 512.573353
200 1.313818 513.887171
201 1.349779 515.236950
202 1.636978 516.873928
203 2.877541 519.751469
204 3.026857 522.778326
205 2.650551 525.428877
206 3.852855 529.281732
207 1.509573 530.791305
208 2.094839 532.886144
209 2.998437 535.884581
210 1.588504 537.473085
211 3.284213 540.757298
212 2.140461 542.897759
213 2.449905 545.347664
214 3.330193 548.677857
215 2.220198 550.898055
216 1.268891 552.166946
217 3.927432 556.094378
218 1.761809 557.856187
219 1.510982 559.367169
220 1.663879 561.031048
221 2.622998 563.654046
222 1.224945 564.878991
223 1.842534 566.721525
224 2.571100 569.292625
225 1.186722 570.479347
226 1.495255 571.974602
227 1.456157 573.430759
228 2.009801 575.440560
229 1.880665 577.321225
230 6.932616 584.253841
231 3.088770 587.342611
232 2.798969 590.141580
233 1.673076 591.814656
234 1.969514 593.784170
235 1.803081 595.587251
236 3.640892 599.228143
237 1.317509 600.545652
238 1.359124 601.904776
239 2.046309 603.951085
240 1.835858 605.786943
241 7.066366 612.853309
242 2.043103 614.896412
243 2.120067 617.016479
244 1.361350 618.377829
245 2.616448 620.994277
246 1.944342 622.938619
247 1.387490 624.326109
248 1.944954 626.271063
249 3.308376 629.579439
250 3.182196 632.761635
251 2.823260 635.584895
252 2.878967 638.463862
253 1.703407 640.167269
254 3.903845 644.071114
255 2.955366 647.026480
256 1.461397 648.487877
257 5.478140 653.966017
258 5.592753 659.558770
259 4.258283 663.817053
260 2.836861 666.653914
261 2.658013 669.311927
262 1.539699 670.851626
263 4.221482 675.073108
264 1.805639 676.878747
265 2.653114 679.531861
266 1.525358 681.057219
267 2.096071 683.153290
268 2.989041 686.142331
269 3.511299 689.653630
270 3.004997 692.658627
271 2.247209 694.905836
272 3.157289 698.063125
273 3.084405 701.147530
274 2.970504 704.118034
275 2.177718 706.295752
276 1.538683 707.834435
277 1.712916 709.547351
278 6.219798 715.767149
279 1.201565 716.968714
280 1.719206 718.687920
281 3.358197 722.046117
282 3.769757 725.815874
283 1.421160 727.237034
284 2.412546 729.649580
285 1.618645 731.268225
286 1.319919 732.588144
287 3.015999 735.604143
288 2.337949 737.942092
289 1.695052 739.637144
290 3.706805 743.343949
291 1.789742 745.133691
292 2.017402 747.151093
293 2.666052 749.817145
294 1.237670 751.054815
295 2.035568 753.090383
296 1.405858 754.496241
297 1.347490 755.843731
298 1.515888 757.359619
299 6.281639 763.641258
300 1.820550 765.461808
301 2.191308 767.653116
302 3.527061 771.180177
303 1.317615 772.497792
304 1.973493 774.471285
305 1.650210 776.121495
306 3.771780 779.893275
307 2.604407 782.497682
308 2.279879 784.777561
309 1.611398 786.388959
310 1.975840 788.364799
311 3.985803 792.350602
312 4.272415 796.623017
313 2.223970 798.846987
314 2.211604 801.058591
315 6.242026 807.300617
316 3.346065 810.646682
317 4.308758 814.955440
318 2.777673 817.733113
319 8.841232 826.574345
320 2.150299 828.724644
321 2.573286 831.297930
322 4.522462 835.820392
323 2.866390 838.686782
324 2.095511 840.782293
325 1.400807 842.183100
326 7.710874 849.893974
327 1.599350 851.493324
328 3.871427 855.364751
329 6.826866 862.191617
330 8.400411 870.592028
331 1.361728 871.953756
332 8.399584 880.353340
333 3.455202 883.808542
334 6.333866 890.142408
335 4.685330 894.827738
336 10.505451 905.333189
337 1.201847 906.535036
338 3.810033 910.345069
done 338 22.536991 932.882060
