# instance assign_to_final.BCube_n8_k2_bw10_cpu16.pn.instance_list_15vm_rnd.txt.pn.json
# Settings: Namespace(PN='../secondnet/final_pns_json/final.BCube_n8_k2_bw10_cpu16.pn.instance_list_15vm_rnd.txt.pn.json', VDC_LIST='../../../instances/fattree-bcube/instance_list_15vm_rnd.txt', affinity=False, affinity_soft=True, allow_virtual_switches_in_switches=True, anti_affinity=False, assert_all_physical_edges=False, binary_search=True, bitblast_addition=False, bitblast_addition_shadow=False, configured=True, conflict_limit=-1, deallocate_prob=0.0, debug=False, decide_opt_lits=True, directed_links=True, flush_pb_theory=False, force_virtual_switches=False, ignore_ram_constraints=True, ignore_storage_constraints=True, ijcai_settings=False, intrinsic_edge_constraints=False, intrinsic_edge_sets=True, logfile=None, max_cores=1, max_ram=1, max_storage=1, max_vms=15, min_cores=False, min_servers=False, opt_conflict_limit=0, opt_detect_sat=False, opt_time_limit=-1, output=None, popcount='BV', prop_assumps=True, refine_flow=True, remove_all_flow_cycles=False, remove_flow_cycles=False, remove_flow_cycles_python=False, rnd_restart=True, rnd_theory_freq=0.99, rnd_theory_order=False, separate_reach_constraints=False, static_flow_caps=True, theory_order_vsids=True, timelog='./timelogs/config_results_vdcmapper_bcube8_15vm', tree_addition=True, use_cover_for_refinement=True, use_min_cost_max_flow=False, vsids_balance=1, vsids_both=True)
init 13.586499 13.586499
1 22.456958 36.043457
2 2.739772 38.783229
3 2.569479 41.352708
4 2.968797 44.321505
5 6.190326 50.511831
6 9.861105 60.372936
7 14.756031 75.128967
8 17.912764 93.041731
9 32.298125 125.339856
10 5.204400 130.544256
11 25.180835 155.725091
12 7.126237 162.851328
13 5.711515 168.562843
14 11.998785 180.561628
15 6.512430 187.074058
16 5.691133 192.765191
17 7.026543 199.791734
18 15.709073 215.500807
19 6.678619 222.179426
20 12.704599 234.884025
21 24.600193 259.484218
22 13.185620 272.669838
23 14.470026 287.139864
24 8.239523 295.379387
25 22.223166 317.602553
26 15.362211 332.964764
27 21.151816 354.116580
28 16.207374 370.323954
29 7.237803 377.561757
30 16.849252 394.411009
31 51.180392 445.591401
32 19.716323 465.307724
33 18.208453 483.516177
34 15.022938 498.539115
35 9.922798 508.461913
36 64.165205 572.627118
37 21.482799 594.109917
38 8.079934 602.189851
39 11.520869 613.710720
40 66.156760 679.867480
41 188.388836 868.256316
42 9.566103 877.822419
43 8.934188 886.756607
44 8.046372 894.802979
45 6.828425 901.631404
46 20.667546 922.298950
47 5.018560 927.317510
48 38.241712 965.559222
49 4.655037 970.214259
50 4.232850 974.447109
51 10.462490 984.909599
52 9.207608 994.117207
53 10.587960 1004.705167
54 25.526113 1030.231280
55 11.661979 1041.893259
56 11.384746 1053.278005
57 5.474918 1058.752923
58 72.269106 1131.022029
59 9.968599 1140.990628
60 51.334214 1192.324842
61 14.071298 1206.396140
62 29.299157 1235.695297
63 8.017344 1243.712641
64 16.874594 1260.587235
65 4.147530 1264.734765
66 19.580358 1284.315123
67 10.010645 1294.325768
68 13.630263 1307.956031
69 21.417499 1329.373530
70 13.580235 1342.953765
71 15.633088 1358.586853
72 19.202229 1377.789082
73 10.835503 1388.624585
74 11.548237 1400.172822
75 13.816180 1413.989002
76 5.183981 1419.172983
77 3.391492 1422.564475
78 19.568335 1442.132810
79 5.843019 1447.975829
80 9.496363 1457.472192
81 12.319121 1469.791313
82 16.500207 1486.291520
83 18.764516 1505.056036
84 24.082544 1529.138580
85 32.529638 1561.668218
86 43.321892 1604.990110
87 66.297333 1671.287443
88 36.891615 1708.179058
89 10.402360 1718.581418
90 14.084913 1732.666331
91 65.150710 1797.817041
92 11.416024 1809.233065
93 2.997159 1812.230224
94 22.535290 1834.765514
95 18.981320 1853.746834
96 10.300803 1864.047637
97 4.491079 1868.538716
98 11.091968 1879.630684
99 10.367832 1889.998516
100 4.095175 1894.093691
101 12.803740 1906.897431
102 50.473358 1957.370789
103 41.968504 1999.339293
104 37.129881 2036.469174
105 73.472990 2109.942164
106 17.730602 2127.672766
107 16.395357 2144.068123
108 14.425588 2158.493711
109 9.324874 2167.818585
110 6.863479 2174.682064
111 14.224556 2188.906620
112 3.525403 2192.432023
113 6.622084 2199.054107
114 26.320026 2225.374133
115 12.732660 2238.106793
116 8.629735 2246.736528
117 6.602230 2253.338758
118 6.369627 2259.708385
119 8.992314 2268.700699
120 31.439132 2300.139831
121 15.363425 2315.503256
122 24.770992 2340.274248
123 12.182829 2352.457077
124 7.726801 2360.183878
125 13.552863 2373.736741
126 4.031117 2377.767858
127 50.821531 2428.589389
128 8.507493 2437.096882
129 13.039864 2450.136746
130 26.082800 2476.219546
131 28.054051 2504.273597
132 9.059740 2513.333337
133 18.432254 2531.765591
134 83.580160 2615.345751
135 14.921658 2630.267409
136 37.922406 2668.189815
137 25.843333 2694.033148
138 8.716347 2702.749495
139 5.798059 2708.547554
140 7.024347 2715.571901
141 4.136091 2719.707992
142 10.303542 2730.011534
143 50.865668 2780.877202
144 78.991518 2859.868720
145 105.293489 2965.162209
146 8.144998 2973.307207
147 24.669334 2997.976541
148 4.530692 3002.507233
149 29.612947 3032.120180
150 5.321577 3037.441757
151 11.463756 3048.905513
152 7.489968 3056.395481
153 8.463008 3064.858489
154 17.176153 3082.034642
155 10.972862 3093.007504
156 33.704070 3126.711574
157 28.220656 3154.932230
158 10.624808 3165.557038
159 6.061868 3171.618906
160 16.657760 3188.276666
161 9.285053 3197.561719
162 10.653792 3208.215511
163 7.635236 3215.850747
164 8.225316 3224.076063
165 4.645668 3228.721731
166 9.121809 3237.843540
167 44.373513 3282.217053
168 17.584618 3299.801671
169 19.352130 3319.153801
170 15.229890 3334.383691
171 22.225938 3356.609629
172 3.979998 3360.589627
173 21.794536 3382.384163
174 28.516469 3410.900632
175 24.879802 3435.780434
176 44.409954 3480.190388
177 23.177822 3503.368210
178 21.529404 3524.897614
179 8.946781 3533.844395
