# instance assign_to_final.Fattree_n12_k2_bw10_cpu16.pn.instance_list_12vm_rnd.txt.pn.json
# Settings: Namespace(PN='../secondnet/final_pns_json/final.Fattree_n12_k2_bw10_cpu16.pn.instance_list_12vm_rnd.txt.pn.json', VDC_LIST='../../../instances/fattree-bcube/instance_list_12vm_rnd.txt', affinity=False, affinity_soft=True, allow_virtual_switches_in_switches=True, anti_affinity=False, assert_all_physical_edges=False, binary_search=True, bitblast_addition=False, bitblast_addition_shadow=False, configured=True, conflict_limit=-1, deallocate_prob=0.0, debug=False, decide_opt_lits=True, directed_links=True, flush_pb_theory=False, force_virtual_switches=False, ignore_ram_constraints=True, ignore_storage_constraints=True, ijcai_settings=False, intrinsic_edge_constraints=False, intrinsic_edge_sets=True, logfile=None, max_cores=1, max_ram=1, max_storage=1, max_vms=12, min_cores=False, min_servers=False, opt_conflict_limit=0, opt_detect_sat=False, opt_time_limit=-1, output=None, popcount='BV', prop_assumps=True, refine_flow=True, remove_all_flow_cycles=False, remove_flow_cycles=False, remove_flow_cycles_python=False, rnd_restart=True, rnd_theory_freq=0.99, rnd_theory_order=False, separate_reach_constraints=False, static_flow_caps=True, theory_order_vsids=True, timelog='./timelogs/config_results_vdcmapper_fattree12_12vm', tree_addition=True, use_cover_for_refinement=True, use_min_cost_max_flow=False, vsids_balance=1, vsids_both=True)
init 9.322717 9.322717
1 21.171430 30.494147
2 4.333127 34.827274
3 2.466299 37.293573
4 6.509954 43.803527
5 3.830155 47.633682
6 4.696295 52.329977
7 5.448821 57.778798
8 2.394379 60.173177
9 2.252310 62.425487
10 8.722677 71.148164
11 5.622915 76.771079
12 11.737875 88.508954
13 7.225492 95.734446
14 6.790326 102.524772
15 17.730525 120.255297
16 6.900615 127.155912
17 15.017606 142.173518
18 5.106127 147.279645
19 11.450915 158.730560
20 3.037581 161.768141
21 2.758630 164.526771
22 6.701625 171.228396
23 5.710030 176.938426
24 16.927204 193.865630
25 5.995478 199.861108
26 8.137013 207.998121
27 7.177463 215.175584
28 5.801743 220.977327
29 2.111419 223.088746
30 4.192730 227.281476
31 16.896557 244.178033
32 18.744454 262.922487
33 6.713073 269.635560
34 12.152305 281.787865
35 9.658005 291.445870
36 5.706625 297.152495
37 5.062626 302.215121
38 3.524875 305.739996
39 37.245101 342.985097
40 53.731762 396.716859
41 15.052341 411.769200
42 4.646698 416.415898
43 13.417648 429.833546
44 12.373586 442.207132
45 3.808583 446.015715
46 19.835181 465.850896
47 9.107661 474.958557
48 14.165853 489.124410
49 5.581280 494.705690
50 3.287231 497.992921
51 4.933851 502.926772
52 6.913920 509.840692
53 13.217019 523.057711
54 13.529611 536.587322
55 8.479178 545.066500
56 8.158882 553.225382
57 5.963464 559.188846
58 7.469194 566.658040
59 6.037393 572.695433
60 9.839462 582.534895
61 4.625447 587.160342
62 4.735434 591.895776
63 4.093812 595.989588
64 2.807722 598.797310
65 17.904144 616.701454
66 4.420585 621.122039
67 12.060369 633.182408
68 6.938099 640.120507
69 10.361319 650.481826
70 25.737225 676.219051
71 19.639929 695.858980
72 9.623920 705.482900
73 21.415583 726.898483
74 17.310915 744.209398
75 2.582764 746.792162
76 24.488586 771.280748
77 7.042420 778.323168
78 7.071443 785.394611
79 20.252548 805.647159
80 8.856580 814.503739
81 25.485255 839.988994
82 4.511373 844.500367
83 11.315318 855.815685
84 3.467661 859.283346
85 4.795728 864.079074
86 18.392221 882.471295
87 2.659757 885.131052
88 19.882800 905.013852
89 19.615269 924.629121
90 77.193652 1001.822773
91 17.997119 1019.819892
92 7.725278 1027.545170
93 24.972853 1052.518023
94 21.755066 1074.273089
95 10.757468 1085.030557
96 4.989040 1090.019597
97 51.338861 1141.358458
98 3.870476 1145.228934
99 13.253013 1158.481947
100 14.157796 1172.639743
101 3.914053 1176.553796
102 5.380442 1181.934238
103 5.482739 1187.416977
104 16.925047 1204.342024
105 4.751891 1209.093915
106 39.102018 1248.195933
107 6.230301 1254.426234
108 8.814154 1263.240388
109 4.127428 1267.367816
110 3.765335 1271.133151
111 2.949196 1274.082347
112 11.790752 1285.873099
113 8.092932 1293.966031
114 5.875421 1299.841452
115 11.450663 1311.292115
116 2.028711 1313.320826
117 6.411153 1319.731979
118 4.057922 1323.789901
119 12.937656 1336.727557
120 10.097904 1346.825461
121 4.565176 1351.390637
122 13.528906 1364.919543
123 13.933574 1378.853117
124 11.013219 1389.866336
125 10.285777 1400.152113
126 37.452249 1437.604362
127 6.248815 1443.853177
128 7.085306 1450.938483
129 3.345341 1454.283824
130 27.524304 1481.808128
131 7.603284 1489.411412
132 10.223177 1499.634589
133 6.480244 1506.114833
134 17.906061 1524.020894
135 9.237415 1533.258309
136 22.778724 1556.037033
137 18.420946 1574.457979
138 22.385866 1596.843845
139 17.281813 1614.125658
140 25.863948 1639.989606
141 4.408258 1644.397864
142 9.127501 1653.525365
143 12.707791 1666.233156
144 13.217202 1679.450358
145 12.448074 1691.898432
146 10.108207 1702.006639
147 12.092184 1714.098823
148 17.797833 1731.896656
149 41.633303 1773.529959
150 4.324957 1777.854916
151 11.480961 1789.335877
152 4.793320 1794.129197
153 3.619028 1797.748225
154 8.497233 1806.245458
155 4.140265 1810.385723
156 11.394595 1821.780318
157 3.953835 1825.734153
158 3.659477 1829.393630
159 20.734668 1850.128298
160 3.767578 1853.895876
161 13.507621 1867.403497
162 10.265673 1877.669170
163 11.982038 1889.651208
164 9.025385 1898.676593
165 9.752560 1908.429153
166 13.678684 1922.107837
167 21.458104 1943.565941
168 5.806393 1949.372334
169 22.331187 1971.703521
170 32.174710 2003.878231
171 5.872485 2009.750716
172 11.652885 2021.403601
173 15.319033 2036.722634
174 3.542550 2040.265184
175 9.996009 2050.261193
176 4.594608 2054.855801
177 30.506387 2085.362188
178 38.340231 2123.702419
179 3.379452 2127.081871
180 7.681589 2134.763460
181 17.277903 2152.041363
182 14.684798 2166.726161
183 9.455861 2176.182022
184 9.432364 2185.614386
185 11.720531 2197.334917
186 5.516878 2202.851795
187 12.246569 2215.098364
188 33.999223 2249.097587
189 9.025547 2258.123134
190 5.817421 2263.940555
191 46.736917 2310.677472
192 53.373369 2364.050841
193 41.544048 2405.594889
194 7.831489 2413.426378
195 97.933224 2511.359602
196 5.871096 2517.230698
197 11.903878 2529.134576
198 41.413508 2570.548084
199 54.072648 2624.620732
200 153.015842 2777.636574
201 26.853771 2804.490345
202 105.273022 2909.763367
203 26.184578 2935.947945
204 16.804579 2952.752524
205 26.551668 2979.304192
206 105.188906 3084.493098
207 204.727173 3289.220271
208 133.123160 3422.343431
209 93.782019 3516.125450
